1.490624999999999867e-01 4.922361111111111381e-02 2.143138888888888871e-01 1.000000000000000000e+00
1.440306996086105629e-01 4.581625806334710393e-02 2.139653303254330508e-01 1.000000000000000000e+00
1.389988992172211113e-01 4.240890501558310099e-02 2.136167717619772422e-01 1.000000000000000000e+00
1.339670988258316875e-01 3.900155196781909112e-02 2.132682131985214058e-01 1.000000000000000000e+00
1.289352984344422637e-01 3.559419892005508124e-02 2.129196546350655972e-01 1.000000000000000000e+00
1.239034980430528260e-01 3.218684587229107830e-02 2.125710960716097608e-01 1.000000000000000000e+00
1.192991083697240856e-01 2.964986055241477375e-02 2.127850918677973435e-01 1.000000000000000000e+00
1.164797869894723392e-01 3.074794044901065296e-02 2.153485794013191290e-01 1.000000000000000000e+00
1.136604656092205928e-01 3.184602034560653216e-02 2.179120669348409145e-01 1.000000000000000000e+00
1.108411442289688464e-01 3.294410024220240790e-02 2.204755544683627000e-01 1.000000000000000000e+00
1.080218228487171139e-01 3.404218013879829058e-02 2.230390420018844855e-01 1.000000000000000000e+00
1.052025014684653675e-01 3.514026003539416632e-02 2.256025295354062710e-01 1.000000000000000000e+00
1.018303561991133338e-01 3.614578414540600693e-02 2.277479838612258833e-01 1.000000000000000000e+00
9.758019651766083880e-02 3.700430788849025376e-02 2.292295030924597354e-01 1.000000000000000000e+00
9.333003683620835766e-02 3.786283163157450060e-02 2.307110223236935875e-01 1.000000000000000000e+00
8.907987715475586266e-02 3.872135537465874050e-02 2.321925415549274396e-01 1.000000000000000000e+00
8.482971747330336765e-02 3.957987911774298734e-02 2.336740607861612917e-01 1.000000000000000000e+00
8.057955779185087264e-02 4.043840286082723418e-02 2.351555800173951438e-01 1.000000000000000000e+00
7.400407769679195891e-02 3.925368036491930224e-02 2.339892961206341548e-01 1.000000000000000000e+00
6.574160043892054994e-02 3.658660275444842319e-02 2.309020570133671346e-01 1.000000000000000000e+00
5.747912318104914098e-02 3.391952514397755108e-02 2.278148179061001144e-01 1.000000000000000000e+00
4.921664592317773201e-02 3.125244753350667204e-02 2.247275787988330942e-01 1.000000000000000000e+00
4.095416866530632999e-02 2.858536992303579993e-02 2.216403396915660740e-01 1.000000000000000000e+00
3.269169140743491409e-02 2.591829231256492783e-02 2.185531005842990537e-01 1.000000000000000000e+00
3.856514297550930892e-02 2.555245606495071264e-02 2.304107555797489659e-01 1.000000000000000000e+00
4.859622066886185032e-02 2.586345551229433937e-02 2.466639676642332635e-01 1.000000000000000000e+00
5.862729836221440560e-02 2.617445495963796609e-02 2.629171797487175333e-01 1.000000000000000000e+00
6.865837605556696088e-02 2.648545440698159281e-02 2.791703918332018031e-01 1.000000000000000000e+00
7.868945374891950229e-02 2.679645385432521607e-02 2.954236039176860729e-01 1.000000000000000000e+00
8.872053144227204369e-02 2.710745330166884279e-02 3.116768160021703982e-01 1.000000000000000000e+00
8.285962584710443446e-02 2.897109652460680071e-02 3.167359582246140892e-01 1.000000000000000000e+00
7.643782672410667778e-02 3.088953893962455982e-02 3.214000156283975396e-01 1.000000000000000000e+00
7.001602760110892110e-02 3.280798135464232240e-02 3.260640730321809899e-01 1.000000000000000000e+00
6.359422847811116442e-02 3.472642376966007804e-02 3.307281304359643848e-01 1.000000000000000000e+00
5.717242935511340773e-02 3.664486618467784063e-02 3.353921878397478351e-01 1.000000000000000000e+00
5.109141140284118032e-02 3.802943461440892736e-02 3.392403522957889717e-01 1.000000000000000000e+00
4.681166535297527631e-02 3.659209769333912621e-02 3.387759397423353303e-01 1.000000000000000000e+00
4.253191930310936536e-02 3.515476077226933199e-02 3.383115271888816888e-01 1.000000000000000000e+00
3.825217325324345441e-02 3.371742385119953778e-02 3.378471146354280474e-01 1.000000000000000000e+00
3.397242720337754346e-02 3.228008693012973662e-02 3.373827020819744060e-01 1.000000000000000000e+00
2.969268115351163598e-02 3.084275000905994241e-02 3.369182895285207091e-01 1.000000000000000000e+00
2.632648964926956672e-02 3.152988562957526747e-02 3.355454373635975984e-01 1.000000000000000000e+00
2.464005972891651283e-02 3.612330947171486090e-02 3.325022284937144690e-01 1.000000000000000000e+00
2.295362980856345547e-02 4.071673331385446126e-02 3.294590196238312840e-01 1.000000000000000000e+00
2.126719988821039811e-02 4.531015715599405469e-02 3.264158107539481546e-01 1.000000000000000000e+00
1.958076996785734075e-02 4.990358099813364812e-02 3.233726018840649696e-01 1.000000000000000000e+00
1.789434004750428686e-02 5.449700484027324848e-02 3.203293930141818402e-01 1.000000000000000000e+00
1.751961838901170201e-02 5.904587642467565289e-02 3.149207343283161320e-01 1.000000000000000000e+00
1.823798694873617066e-02 6.355762112763040095e-02 3.075408674624650063e-01 1.000000000000000000e+00
1.895635550846063930e-02 6.806936583058514900e-02 3.001610005966138806e-01 1.000000000000000000e+00
1.967472406818511141e-02 7.258111053353988318e-02 2.927811337307626993e-01 1.000000000000000000e+00
2.039309262790958005e-02 7.709285523649463123e-02 2.854012668649115736e-01 1.000000000000000000e+00
2.111146118763405216e-02 8.160459993944937929e-02 2.780213999990604479e-01 1.000000000000000000e+00
2.193006818528047894e-02 8.075576419843685794e-02 3.125240444950456720e-01 1.000000000000000000e+00
2.278414416865313930e-02 7.801010768494359704e-02 3.618466545498348896e-01 1.000000000000000000e+00
2.363822015202579965e-02 7.526445117145032226e-02 4.111692646046239963e-01 1.000000000000000000e+00
2.449229613539846001e-02 7.251879465795704749e-02 4.604918746594132140e-01 1.000000000000000000e+00
2.534637211877112037e-02 6.977313814446377271e-02 5.098144847142023206e-01 1.000000000000000000e+00
2.620044810214378073e-02 6.702748163097049794e-02 5.591370947689915383e-01 1.000000000000000000e+00
2.770388263752989605e-02 7.418817270058707114e-02 5.496150657751684987e-01 1.000000000000000000e+00
2.925483121330723843e-02 8.207371847140682020e-02 5.357873314851054891e-01 1.000000000000000000e+00
3.080577978908458428e-02 8.995926424222655537e-02 5.219595971950423685e-01 1.000000000000000000e+00
3.235672836486192666e-02 9.784481001304630443e-02 5.081318629049793589e-01 1.000000000000000000e+00
3.390767694063927251e-02 1.057303557838660535e-01 4.943041286149162938e-01 1.000000000000000000e+00
3.539345245645188903e-02 1.136507511823222349e-01 4.797673596011209907e-01 1.000000000000000000e+00
3.642301655251142106e-02 1.218150939742335404e-01 4.602673475212001875e-01 1.000000000000000000e+00
3.745258064857095309e-02 1.299794367661448458e-01 4.407673354412793842e-01 1.000000000000000000e+00
3.848214474463047818e-02 1.381437795580561234e-01 4.212673233613586365e-01 1.000000000000000000e+00
3.951170884069001021e-02 1.463081223499674288e-01 4.017673112814378333e-01 1.000000000000000000e+00
4.054127293674954224e-02 1.544724651418787342e-01 3.822672992015170301e-01 1.000000000000000000e+00
4.035477531850722305e-02 1.598831295979198375e-01 3.620626250775125787e-01 1.000000000000000000e+00
3.756243116961818090e-02 1.593930547628107652e-01 3.403479608590432859e-01 1.000000000000000000e+00
3.477008702072913876e-02 1.589029799277016652e-01 3.186332966405739930e-01 1.000000000000000000e+00
3.197774287184010356e-02 1.584129050925925930e-01 2.969186324221047002e-01 1.000000000000000000e+00
2.918539872295106141e-02 1.579228302574835208e-01 2.752039682036353518e-01 1.000000000000000000e+00
2.639305457406201927e-02 1.574327554223744485e-01 2.534893039851660590e-01 1.000000000000000000e+00
2.646479593364698193e-02 1.611441926347212672e-01 2.309101704376155251e-01 1.000000000000000000e+00
2.927333011244055358e-02 1.688704080257482920e-01 2.075049884200539374e-01 1.000000000000000000e+00
3.208186429123412176e-02 1.765966234167753446e-01 1.840998064024923775e-01 1.000000000000000000e+00
3.489039847002769340e-02 1.843228388078023972e-01 1.606946243849308176e-01 1.000000000000000000e+00
3.769893264882126505e-02 1.920490541988294497e-01 1.372894423673692299e-01 1.000000000000000000e+00
4.050746682761482975e-02 1.997752695898564745e-01 1.138842603498076700e-01 1.000000000000000000e+00
4.287806382233187719e-02 2.108765223531383348e-01 1.265348944449812552e-01 1.000000000000000000e+00
4.506500973985554798e-02 2.233931133693012605e-01 1.543057094906567783e-01 1.000000000000000000e+00
4.725195565737921877e-02 2.359097043854641862e-01 1.820765245363322737e-01 1.000000000000000000e+00
4.943890157490288262e-02 2.484262954016270841e-01 2.098473395820077969e-01 1.000000000000000000e+00
5.162584749242655341e-02 2.609428864177900098e-01 2.376181546276832646e-01 1.000000000000000000e+00
5.381279340995021726e-02 2.734594774339529355e-01 2.653889696733587877e-01 1.000000000000000000e+00
5.122809193121694721e-02 2.762412854696673081e-01 2.570010690729869762e-01 1.000000000000000000e+00
4.809978505291006429e-02 2.779140675962165630e-01 2.444938211205334999e-01 1.000000000000000000e+00
4.497147817460318137e-02 2.795868497227658178e-01 2.319865731680800514e-01 1.000000000000000000e+00
4.184317129629629844e-02 2.812596318493150727e-01 2.194793252156266028e-01 1.000000000000000000e+00
3.871486441798940858e-02 2.829324139758643275e-01 2.069720772631731542e-01 1.000000000000000000e+00
3.625284066886522161e-02 2.850325987986519483e-01 1.943938597762798481e-01 1.000000000000000000e+00
4.045364821156773733e-02 2.914068105838226175e-01 1.811059469449880222e-01 1.000000000000000000e+00
4.465445575427025304e-02 2.977810223689932867e-01 1.678180341136961962e-01 1.000000000000000000e+00
4.885526329697276876e-02 3.041552341541640114e-01 1.545301212824043979e-01 1.000000000000000000e+00
5.305607083967528448e-02 3.105294459393346806e-01 1.412422084511125719e-01 1.000000000000000000e+00
5.725687838237780714e-02 3.169036577245053499e-01 1.279542956198207460e-01 1.000000000000000000e+00
6.210319882593234864e-02 3.219670801397043203e-01 1.155597935944207150e-01 1.000000000000000000e+00
6.857621177963403591e-02 3.237273133425744853e-01 1.054166867998679591e-01 1.000000000000000000e+00
7.504922473333572319e-02 3.254875465454447059e-01 9.527358000531521709e-02 1.000000000000000000e+00
8.152223768703741047e-02 3.272477797483148709e-01 8.513047321076246121e-02 1.000000000000000000e+00
8.799525064073909775e-02 3.290080129511850360e-01 7.498736641620970533e-02 1.000000000000000000e+00
9.446826359444077115e-02 3.307682461540552565e-01 6.484425962165694945e-02 1.000000000000000000e+00
1.000314367354416534e-01 3.285491096595073435e-01 5.661168155705652294e-02 1.000000000000000000e+00
1.045981186530082763e-01 3.219716158773109904e-01 5.047158733954680565e-02 1.000000000000000000e+00
1.091648005705748992e-01 3.153941220951146374e-01 4.433149312203708142e-02 1.000000000000000000e+00
1.137314824881415221e-01 3.088166283129182843e-01 3.819139890452735719e-02 1.000000000000000000e+00
1.182981644057081450e-01 3.022391345307219312e-01 3.205130468701763991e-02 1.000000000000000000e+00
1.228648463232747817e-01 2.956616407485255782e-01 2.591121046950792262e-02 1.000000000000000000e+00
1.142636300514201786e-01 3.145950372246114068e-01 2.674232435333835298e-02 1.000000000000000000e+00
9.919005704239246268e-02 3.460676848445985443e-01 3.099996425308172016e-02 1.000000000000000000e+00
8.411648403336474678e-02 3.775403324645856817e-01 3.525760415282508387e-02 1.000000000000000000e+00
6.904291102433704475e-02 4.090129800845728192e-01 3.951524405256844757e-02 1.000000000000000000e+00
5.396933801530932884e-02 4.404856277045599011e-01 4.377288395231181128e-02 1.000000000000000000e+00
3.889576500628161293e-02 4.719582753245470941e-01 4.803052385205517499e-02 1.000000000000000000e+00
5.312891842429504075e-02 4.756303000652316038e-01 4.688972240342103442e-02 1.000000000000000000e+00
7.198944969920986758e-02 4.749127527723418507e-01 4.489653547872726747e-02 1.000000000000000000e+00
9.084998097412469442e-02 4.741952054794520977e-01 4.290334855403349357e-02 1.000000000000000000e+00
1.097105122490395074e-01 4.734776581865623446e-01 4.091016162933971967e-02 1.000000000000000000e+00
1.285710435239543203e-01 4.727601108936725360e-01 3.891697470464595271e-02 1.000000000000000000e+00
1.471345691847260051e-01 4.717334780658839488e-01 3.688603802759055778e-02 1.000000000000000000e+00
1.607678016507210483e-01 4.655760253587737374e-01 3.422845546133219258e-02 1.000000000000000000e+00
1.744010341167160916e-01 4.594185726516634705e-01 3.157087289507382044e-02 1.000000000000000000e+00
1.880342665827111348e-01 4.532611199445532035e-01 2.891329032881545524e-02 1.000000000000000000e+00
2.016674990487061780e-01 4.471036672374429366e-01 2.625570776255708311e-02 1.000000000000000000e+00
2.153007315147012213e-01 4.409462145303327252e-01 2.359812519629871444e-02 1.000000000000000000e+00
2.399871613092212363e-01 4.285753545456744695e-01 2.347368077827902133e-02 1.000000000000000000e+00
2.592691685692541381e-01 4.182383272732397850e-01 2.596533745384463007e-02 1.000000000000000000e+00
2.785511758292859574e-01 4.079013000008056000e-01 2.845699412941010004e-02 1.000000000000000000e+00
2.978331830893188314e-01 3.975642727283709155e-01 3.094865080497570878e-02 1.000000000000000000e+00
3.171151903493506508e-01 3.872272454559367860e-01 3.344030748054117874e-02 1.000000000000000000e+00
3.363971976093835803e-01 3.768902181835020460e-01 3.593196415610679095e-02 1.000000000000000000e+00
3.503894323437608538e-01 3.610567231553965528e-01 3.744742403239829931e-02 1.000000000000000000e+00
3.640630060826176018e-01 3.448921156118881504e-01 3.890407687258904540e-02 1.000000000000000000e+00
3.777365798214735171e-01 3.287275080683806916e-01 4.036072971277971516e-02 1.000000000000000000e+00
3.914101535603302651e-01 3.125629005248723447e-01 4.181738255297046125e-02 1.000000000000000000e+00
4.050837272991861804e-01 2.963982929813648859e-01 4.327403539316113101e-02 1.000000000000000000e+00
4.225340222002525459e-01 2.898953759321681312e-01 4.479092268196389892e-02 1.000000000000000000e+00
4.639035511286413449e-01 3.445831653469343947e-01 4.668929481197599263e-02 1.000000000000000000e+00
5.052730800570325309e-01 3.992709547617037114e-01 4.858766694198819736e-02 1.000000000000000000e+00
5.466426089854212744e-01 4.539587441764699749e-01 5.048603907200029800e-02 1.000000000000000000e+00
5.880121379138124604e-01 5.086465335912393471e-01 5.238441120201249579e-02 1.000000000000000000e+00
6.293816668422012039e-01 5.633343230060054996e-01 5.428278333202459643e-02 1.000000000000000000e+00
6.593266991918531605e-01 5.939258194716244832e-01 5.660650866130313014e-02 1.000000000000000000e+00
6.660287902261357029e-01 5.754938233855193541e-01 5.979560774081307123e-02 1.000000000000000000e+00
6.727308812604188004e-01 5.570618272994132258e-01 6.298470682032319967e-02 1.000000000000000000e+00
6.794329722947014538e-01 5.386298312133080968e-01 6.617380589983314076e-02 1.000000000000000000e+00
6.861350633289844403e-01 5.201978351272019685e-01 6.936290497934327615e-02 1.000000000000000000e+00
6.928371543632670937e-01 5.017658390410968394e-01 7.255200405885321724e-02 1.000000000000000000e+00
6.938544158150323771e-01 4.814354267836007395e-01 7.522069920846315150e-02 1.000000000000000000e+00
6.896811806914547871e-01 4.593716780217931284e-01 7.741424294381618609e-02 1.000000000000000000e+00
6.855079455678770861e-01 4.373079292599842960e-01 7.960778667916935947e-02 1.000000000000000000e+00
6.813347104442994961e-01 4.152441804981766849e-01 8.180133041452239406e-02 1.000000000000000000e+00
6.771614753207217952e-01 3.931804317363678525e-01 8.399487414987555356e-02 1.000000000000000000e+00
6.729882401971443162e-01 3.711166829745602413e-01 8.618841788522860203e-02 1.000000000000000000e+00
6.477118907756213018e-01 3.490630417089463089e-01 8.236577178991202897e-02 1.000000000000000000e+00
6.140612896485656558e-01 3.270134113545221100e-01 7.615574877766317918e-02 1.000000000000000000e+00
5.804106885215081224e-01 3.049637810000965787e-01 6.994572576541396858e-02 1.000000000000000000e+00
5.467600873944525874e-01 2.829141506456723798e-01 6.373570275316511879e-02 1.000000000000000000e+00
5.131094862673950541e-01 2.608645202912469041e-01 5.752567974091590819e-02 1.000000000000000000e+00
4.794588851403394081e-01 2.388148899368226774e-01 5.131565672866705147e-02 1.000000000000000000e+00
4.615584244423605598e-01 2.152552694879321105e-01 5.495076913232949112e-02 1.000000000000000000e+00
4.452329777872910399e-01 1.915446500295963639e-01 5.957039507758318114e-02 1.000000000000000000e+00
4.289075311322206319e-01 1.678340305712592295e-01 6.419002102283712097e-02 1.000000000000000000e+00
4.125820844771510565e-01 1.441234111129234829e-01 6.880964696809081793e-02 1.000000000000000000e+00
3.962566378220806484e-01 1.204127916545863625e-01 7.342927291334476469e-02 1.000000000000000000e+00
3.877987940086608520e-01 1.019219720168633575e-01 7.816706738028793289e-02 1.000000000000000000e+00
4.484010195830623879e-01 1.292493952489675857e-01 8.394211887095028024e-02 1.000000000000000000e+00
5.090032451574605377e-01 1.565768184810702457e-01 8.971717036161230840e-02 1.000000000000000000e+00
5.696054707318620736e-01 1.839042417131744322e-01 9.549222185227465576e-02 1.000000000000000000e+00
6.302076963062601678e-01 2.112316649452771200e-01 1.012672733429366839e-01 1.000000000000000000e+00
6.908099218806618147e-01 2.385590881773813066e-01 1.070423248335990313e-01 1.000000000000000000e+00
7.269481137203748222e-01 2.539184242951371684e-01 1.093462630010149511e-01 1.000000000000000000e+00
7.047489943465973239e-01 2.407384757555992294e-01 1.033729309360731374e-01 1.000000000000000000e+00
6.825498749728210468e-01 2.275585272160620398e-01 9.739959887113165682e-02 1.000000000000000000e+00
6.603507555990435485e-01 2.143785786765241008e-01 9.142626680618984314e-02 1.000000000000000000e+00
6.381516362252672714e-01 2.011986301369869112e-01 8.545293474124836253e-02 1.000000000000000000e+00
6.159525168514897731e-01 1.880186815974489722e-01 7.947960267630654885e-02 1.000000000000000000e+00
5.975061239535774948e-01 1.750091731898244518e-01 7.983690408240889935e-02 1.000000000000000000e+00
5.829870029490108463e-01 1.621780323621078712e-01 8.681928702797700459e-02 1.000000000000000000e+00
5.684678819444449749e-01 1.493468915343920123e-01 9.380166997354470737e-02 1.000000000000000000e+00
5.539487609398782153e-01 1.365157507066754317e-01 1.007840529191128126e-01 1.000000000000000000e+00
5.394296399353123439e-01 1.236846098789595588e-01 1.077664358646805154e-01 1.000000000000000000e+00
5.249105189307456953e-01 1.108534690512429643e-01 1.147488188102486206e-01 1.000000000000000000e+00
5.098308141036097529e-01 9.997587790824115361e-02 1.221346522341811569e-01 1.000000000000000000e+00
4.944895034926069521e-01 9.000994328477200657e-02 1.297087625480177198e-01 1.000000000000000000e+00
4.791481928816050395e-01 8.004400866130342851e-02 1.372828728618538385e-01 1.000000000000000000e+00
4.638068822706021832e-01 7.007807403783429534e-02 1.448569831756903736e-01 1.000000000000000000e+00
4.484655716596002706e-01 6.011213941436571728e-02 1.524310934895264924e-01 1.000000000000000000e+00
4.331242610485974698e-01 5.014620479089657024e-02 1.600052038033630553e-01 1.000000000000000000e+00
4.150360897070020094e-01 4.488917427701687862e-02 1.613007753044140014e-01 1.000000000000000000e+00
3.965555096896064002e-01 4.030484435022107376e-02 1.616994126893527561e-01 1.000000000000000000e+00
3.780749296722119013e-01 3.572051442342552563e-02 1.620980500742915109e-01 1.000000000000000000e+00
3.595943496548162921e-01 3.113618449662971729e-02 1.624966874592302657e-01 1.000000000000000000e+00
3.411137696374217931e-01 2.655185456983417264e-02 1.628953248441690205e-01 1.000000000000000000e+00
3.266642969259619944e-01 2.231406736971805124e-02 1.628200140882076208e-01 1.000000000000000000e+00
3.673066240622947509e-01 2.281236410089147737e-02 1.562674120732770178e-01 1.000000000000000000e+00
4.079489511986298944e-01 2.331066083206493472e-02 1.497148100583460539e-01 1.000000000000000000e+00
4.485912783349627064e-01 2.380895756323836432e-02 1.431622080434154509e-01 1.000000000000000000e+00
4.892336054712977944e-01 2.430725429441182167e-02 1.366096060284844871e-01 1.000000000000000000e+00
5.298759326076305509e-01 2.480555102558525127e-02 1.300570040135539118e-01 1.000000000000000000e+00
5.569362055609916595e-01 2.642388290932806000e-02 1.305306690313109141e-01 1.000000000000000000e+00
5.456124123450755148e-01 3.120753152859297858e-02 1.508611756631868250e-01 1.000000000000000000e+00
5.342886191291587039e-01 3.599118014785816777e-02 1.711916822950638739e-01 1.000000000000000000e+00
5.229648259132424482e-01 4.077482876712308635e-02 1.915221889269397848e-01 1.000000000000000000e+00
5.116410326973256373e-01 4.555847738638827554e-02 2.118526955588168059e-01 1.000000000000000000e+00
5.003172394814094925e-01 5.034212600565319412e-02 2.321832021906927168e-01 1.000000000000000000e+00
4.918982897097196050e-01 5.098085181561215484e-02 2.448863713579038093e-01 1.000000000000000000e+00
4.869651520711026360e-01 4.664567025440332498e-02 2.484367355675144995e-01 1.000000000000000000e+00
4.820320144324854450e-01 4.231048869319424532e-02 2.519870997771254117e-01 1.000000000000000000e+00
4.770988767938684760e-01 3.797530713198541547e-02 2.555374639867360465e-01 1.000000000000000000e+00
4.721657391552512295e-01 3.364012557077633581e-02 2.590878281963469587e-01 1.000000000000000000e+00
4.672326015166343161e-01 2.930494400956750595e-02 2.626381924059576489e-01 1.000000000000000000e+00
4.608470421559036079e-01 2.777777777777777624e-02 2.731843879104150496e-01 1.000000000000000000e+00
4.536715692270061884e-01 2.777777777777777624e-02 2.875353337682098886e-01 1.000000000000000000e+00
4.464960962981083803e-01 2.777777777777777624e-02 3.018862796260055603e-01 1.000000000000000000e+00
4.393206233692109608e-01 2.777777777777777624e-02 3.162372254838003438e-01 1.000000000000000000e+00
4.321451504403131527e-01 2.777777777777777624e-02 3.305881713415960155e-01 1.000000000000000000e+00
4.249696775114157332e-01 2.777777777777777624e-02 3.449391171993908545e-01 1.000000000000000000e+00
4.177942045825179251e-01 2.777777777777777624e-02 3.623070232659274525e-01 1.000000000000000000e+00
4.106187316536205612e-01 2.777777777777777624e-02 3.802457055881708903e-01 1.000000000000000000e+00
4.034432587247227531e-01 2.777777777777777624e-02 3.981843879104153272e-01 1.000000000000000000e+00
3.962677857958253891e-01 2.777777777777777624e-02 4.161230702326587649e-01 1.000000000000000000e+00
3.890923128669275810e-01 2.777777777777777624e-02 4.340617525549032019e-01 1.000000000000000000e+00
3.834724600456608790e-01 2.859317242878812310e-02 4.528973689932580537e-01 1.000000000000000000e+00
4.219285102739724347e-01 5.251141552511406907e-02 4.971461187214610278e-01 1.000000000000000000e+00
4.603845605022818255e-01 7.642965862143866196e-02 5.413948684496615593e-01 1.000000000000000000e+00
4.988406107305933812e-01 1.003479017177646149e-01 5.856436181778645889e-01 1.000000000000000000e+00
5.372966609589027165e-01 1.242661448140891939e-01 6.298923679060650649e-01 1.000000000000000000e+00
5.757527111872142722e-01 1.481843879104151607e-01 6.741411176342679834e-01 1.000000000000000000e+00
6.062331824853227635e-01 1.601435094585789976e-01 7.001793868232237816e-01 1.000000000000000000e+00
6.095966854207436336e-01 1.314416177429878485e-01 6.643020221787347968e-01 1.000000000000000000e+00
6.129601883561642817e-01 1.027397260273983509e-01 6.284246575342479213e-01 1.000000000000000000e+00
6.163236912915850407e-01 7.403783431180721575e-02 5.925472928897590474e-01 1.000000000000000000e+00
6.196871942270056888e-01 4.533594259621771816e-02 5.566699282452721720e-01 1.000000000000000000e+00
6.230506971624265589e-01 1.663405088062658299e-02 5.207925636007832981e-01 1.000000000000000000e+00
6.204745596868889157e-01 0.000000000000000000e+00 5.090508806262221686e-01 1.000000000000000000e+00
6.097113502935421758e-01 0.000000000000000000e+00 5.305772994129155373e-01 1.000000000000000000e+00
5.989481409001962131e-01 0.000000000000000000e+00 5.521037181996076848e-01 1.000000000000000000e+00
5.881849315068494732e-01 0.000000000000000000e+00 5.736301369863010535e-01 1.000000000000000000e+00
5.774217221135033995e-01 0.000000000000000000e+00 5.951565557729932010e-01 1.000000000000000000e+00
5.666585127201567706e-01 0.000000000000000000e+00 6.166829745596864587e-01 1.000000000000000000e+00
5.558953033268106969e-01 0.000000000000000000e+00 6.514187866927574344e-01 1.000000000000000000e+00
5.451320939334639570e-01 0.000000000000000000e+00 6.944716242661442829e-01 1.000000000000000000e+00
5.343688845401177723e-01 0.000000000000000000e+00 7.375244618395287999e-01 1.000000000000000000e+00
5.236056751467710324e-01 0.000000000000000000e+00 7.805772994129156483e-01 1.000000000000000000e+00
5.128424657534249587e-01 0.000000000000000000e+00 8.236301369863001653e-01 1.000000000000000000e+00
5.020792563600782188e-01 0.000000000000000000e+00 8.666829745596871248e-01 1.000000000000000000e+00
5.416829745596856149e-01 1.250489236790569558e-01 8.784735812133070976e-01 1.000000000000000000e+00
5.933463796477497221e-01 2.800391389432490552e-01 8.827788649706458379e-01 1.000000000000000000e+00
6.450097847358108316e-01 4.350293542074324393e-01 8.870841487279842452e-01 1.000000000000000000e+00
6.966731898238749388e-01 5.900195694716245942e-01 8.913894324853228746e-01 1.000000000000000000e+00
7.483365949119360483e-01 7.450097847358078118e-01 8.956947162426613929e-01 1.000000000000000000e+00
8.000000000000000444e-01 9.000000000000000222e-01 9.000000000000000222e-01 1.000000000000000000e+00
