0.000000000000000000e+00 0.000000000000000000e+00 0.000000000000000000e+00 1.000000000000000000e+00
8.016797129810829259e-02 6.996086105675147770e-02 8.533431180691454510e-02 1.000000000000000000e+00
1.603359425962165852e-01 1.399217221135029554e-01 1.706686236138290902e-01 1.000000000000000000e+00
2.405039138943248500e-01 2.098825831702543776e-01 2.560029354207435937e-01 1.000000000000000000e+00
3.206718851924331704e-01 2.798434442270059108e-01 3.413372472276581804e-01 1.000000000000000000e+00
4.008398564905414352e-01 3.498043052837573885e-01 4.266715590345727116e-01 1.000000000000000000e+00
4.636183137638617002e-01 4.038242009132420041e-01 4.942836757990867191e-01 1.000000000000000000e+00
4.537699771689497896e-01 3.912671232876712146e-01 4.878795662100456343e-01 1.000000000000000000e+00
4.439216405740378235e-01 3.787100456621004252e-01 4.814754566210045494e-01 1.000000000000000000e+00
4.340733039791259129e-01 3.661529680365296913e-01 4.750713470319634646e-01 1.000000000000000000e+00
4.242249673842139468e-01 3.535958904109589018e-01 4.686672374429223797e-01 1.000000000000000000e+00
4.143766307893020362e-01 3.410388127853881124e-01 4.622631278538812394e-01 1.000000000000000000e+00
4.091650358773646357e-01 3.333333333333333148e-01 4.594977168949771484e-01 1.000000000000000000e+00
4.113176777560338948e-01 3.333333333333333148e-01 4.625114155251141557e-01 1.000000000000000000e+00
4.134703196347031540e-01 3.333333333333333148e-01 4.655251141552511074e-01 1.000000000000000000e+00
4.156229615133724686e-01 3.333333333333333148e-01 4.685388127853881146e-01 1.000000000000000000e+00
4.177756033920417278e-01 3.333333333333333148e-01 4.715525114155251218e-01 1.000000000000000000e+00
4.199282452707109869e-01 3.333333333333333148e-01 4.745662100456621291e-01 1.000000000000000000e+00
4.273206131767775529e-01 3.407941210045662417e-01 4.828949037834311953e-01 1.000000000000000000e+00
4.385143509458577782e-01 3.536676369863013814e-01 4.950795743639921920e-01 1.000000000000000000e+00
4.497080887149380035e-01 3.665411529680365210e-01 5.072642449445531332e-01 1.000000000000000000e+00
4.609018264840182844e-01 3.794146689497717162e-01 5.194489155251141854e-01 1.000000000000000000e+00
4.720955642530985097e-01 3.922881849315068559e-01 5.316335861056751266e-01 1.000000000000000000e+00
4.832893020221787350e-01 4.051617009132419955e-01 5.438182566862361789e-01 1.000000000000000000e+00
4.805104370515329570e-01 3.981397831050227931e-01 5.418296069797782222e-01 1.000000000000000000e+00
4.736219830397912500e-01 3.852662671232876535e-01 5.356723336594911844e-01 1.000000000000000000e+00
4.667335290280495430e-01 3.723927511415525138e-01 5.295150603392041466e-01 1.000000000000000000e+00
4.598450750163078915e-01 3.595192351598173186e-01 5.233577870189171088e-01 1.000000000000000000e+00
4.529566210045661845e-01 3.466457191780821789e-01 5.172005136986300711e-01 1.000000000000000000e+00
4.460681669928244775e-01 3.337722031963470393e-01 5.110432403783430333e-01 1.000000000000000000e+00
4.479125896934115780e-01 3.333333333333333148e-01 5.145759947814741997e-01 1.000000000000000000e+00
4.500652315720808372e-01 3.333333333333333148e-01 5.184507501630788440e-01 1.000000000000000000e+00
4.522178734507501519e-01 3.333333333333333148e-01 5.223255055446835993e-01 1.000000000000000000e+00
4.543705153294194110e-01 3.333333333333333148e-01 5.262002609262883546e-01 1.000000000000000000e+00
4.565231572080887257e-01 3.333333333333333148e-01 5.300750163078929988e-01 1.000000000000000000e+00
4.574343607305935699e-01 3.355622146118721894e-01 5.346810787671233411e-01 1.000000000000000000e+00
4.517836757990867369e-01 3.495723255055447343e-01 5.431526214938030561e-01 1.000000000000000000e+00
4.461329908675798483e-01 3.635824363992172237e-01 5.516241642204827711e-01 1.000000000000000000e+00
4.404823059360730153e-01 3.775925472928897686e-01 5.600957069471624861e-01 1.000000000000000000e+00
4.348316210045661823e-01 3.916026581865623135e-01 5.685672496738420900e-01 1.000000000000000000e+00
4.291809360730593492e-01 4.056127690802348029e-01 5.770387924005218050e-01 1.000000000000000000e+00
4.229615133724722309e-01 4.097521200260926255e-01 5.818166992824527206e-01 1.000000000000000000e+00
4.156963470319634535e-01 3.957420091324200806e-01 5.798030821917807831e-01 1.000000000000000000e+00
4.084311806914546206e-01 3.817318982387475357e-01 5.777894651011089566e-01 1.000000000000000000e+00
4.011660143509458432e-01 3.677217873450749908e-01 5.757758480104370191e-01 1.000000000000000000e+00
3.939008480104370102e-01 3.537116764514024458e-01 5.737622309197651926e-01 1.000000000000000000e+00
3.866356816699282328e-01 3.397015655577299009e-01 5.717486138290932551e-01 1.000000000000000000e+00
3.786366601435094403e-01 3.333333333333333148e-01 5.720075016307892835e-01 1.000000000000000000e+00
3.700260926288323482e-01 3.333333333333333148e-01 5.741601435094585426e-01 1.000000000000000000e+00
3.614155251141552561e-01 3.333333333333333148e-01 5.763127853881278018e-01 1.000000000000000000e+00
3.528049575994781639e-01 3.333333333333333148e-01 5.784654272667970609e-01 1.000000000000000000e+00
3.441943900848010163e-01 3.333333333333333148e-01 5.806180691454663201e-01 1.000000000000000000e+00
3.355838225701239796e-01 3.333333333333333148e-01 5.827707110241355792e-01 1.000000000000000000e+00
3.439334637964774344e-01 3.479085127201564376e-01 5.982397667971296462e-01 1.000000000000000000e+00
3.582844096542726064e-01 3.676410632746248131e-01 6.184207844096540896e-01 1.000000000000000000e+00
3.726353555120677785e-01 3.873736138290931885e-01 6.386018020221786440e-01 1.000000000000000000e+00
3.869863013698629506e-01 4.071061643835615640e-01 6.587828196347030874e-01 1.000000000000000000e+00
4.013372472276581227e-01 4.268387149380299395e-01 6.789638372472275307e-01 1.000000000000000000e+00
4.156881930854532947e-01 4.465712654924983149e-01 6.991448548597519741e-01 1.000000000000000000e+00
4.032941943900847925e-01 4.295295172863666244e-01 7.017745026092627736e-01 1.000000000000000000e+00
3.889432485322896205e-01 4.097969667318982490e-01 7.031199037834311438e-01 1.000000000000000000e+00
3.745923026744944484e-01 3.900644161774298735e-01 7.044653049575994030e-01 1.000000000000000000e+00
3.602413568166992763e-01 3.703318656229614980e-01 7.058107061317676623e-01 1.000000000000000000e+00
3.458904109589041043e-01 3.505993150684931225e-01 7.071561073059360325e-01 1.000000000000000000e+00
3.333333333333333148e-01 3.333333333333333148e-01 7.096787345075015185e-01 1.000000000000000000e+00
3.333333333333333148e-01 3.333333333333333148e-01 7.204419439008479253e-01 1.000000000000000000e+00
3.333333333333333148e-01 3.333333333333333148e-01 7.312051532941943321e-01 1.000000000000000000e+00
3.333333333333333148e-01 3.333333333333333148e-01 7.419683626875407390e-01 1.000000000000000000e+00
3.333333333333333148e-01 3.333333333333333148e-01 7.527315720808871458e-01 1.000000000000000000e+00
3.333333333333333148e-01 3.333333333333333148e-01 7.634947814742335526e-01 1.000000000000000000e+00
3.376498287671234055e-01 3.426084474885847109e-01 7.708333333333332593e-01 1.000000000000000000e+00
3.512159572733203339e-01 3.717588062622310119e-01 7.708333333333332593e-01 1.000000000000000000e+00
3.647820857795173177e-01 4.009091650358773684e-01 7.708333333333332593e-01 1.000000000000000000e+00
3.783482142857142461e-01 4.300595238095237249e-01 7.708333333333332593e-01 1.000000000000000000e+00
3.919143427919112299e-01 4.592098825831700815e-01 7.708333333333332593e-01 1.000000000000000000e+00
4.054804712981081583e-01 4.883602413568164380e-01 7.708333333333332593e-01 1.000000000000000000e+00
4.051721501956948579e-01 4.904496901500328132e-01 7.708333333333332593e-01 1.000000000000000000e+00
3.916060216894978185e-01 4.666809360730594936e-01 7.708333333333332593e-01 1.000000000000000000e+00
3.780398931833007792e-01 4.429121819960862294e-01 7.708333333333332593e-01 1.000000000000000000e+00
3.644737646771037953e-01 4.191434279191129653e-01 7.708333333333332593e-01 1.000000000000000000e+00
3.509076361709067560e-01 3.953746738421396456e-01 7.708333333333332593e-01 1.000000000000000000e+00
3.373415076647097166e-01 3.716059197651663260e-01 7.708333333333332593e-01 1.000000000000000000e+00
3.333333333333333148e-01 3.683749184605348836e-01 7.632501630789301217e-01 1.000000000000000000e+00
3.333333333333333148e-01 3.737565231572080315e-01 7.524869536855838259e-01 1.000000000000000000e+00
3.333333333333333148e-01 3.791381278538812349e-01 7.417237442922374191e-01 1.000000000000000000e+00
3.333333333333333148e-01 3.845197325505544383e-01 7.309605348988910123e-01 1.000000000000000000e+00
3.333333333333333148e-01 3.899013372472275862e-01 7.201973255055447165e-01 1.000000000000000000e+00
3.333333333333333148e-01 3.952829419439007896e-01 7.094341161121983097e-01 1.000000000000000000e+00
3.446061643835615640e-01 4.184796457110239731e-01 6.878006767775604047e-01 1.000000000000000000e+00
3.571632420091323534e-01 4.437059177266795551e-01 6.649288568166993318e-01 1.000000000000000000e+00
3.697203196347031429e-01 4.689321897423351926e-01 6.420570368558382590e-01 1.000000000000000000e+00
3.822773972602739878e-01 4.941584617579908301e-01 6.191852168949770752e-01 1.000000000000000000e+00
3.948344748858447772e-01 5.193847337736463565e-01 5.963133969341160023e-01 1.000000000000000000e+00
4.051084474885844333e-01 5.410028844585778041e-01 5.756431425309849192e-01 1.000000000000000000e+00
3.925513698630136994e-01 5.265398218362686844e-01 5.769885437051531785e-01 1.000000000000000000e+00
3.799942922374429100e-01 5.120767592139594537e-01 5.783339448793215487e-01 1.000000000000000000e+00
3.674372146118721205e-01 4.976136965916503341e-01 5.796793460534898079e-01 1.000000000000000000e+00
3.548801369863013866e-01 4.831506339693411589e-01 5.810247472276580671e-01 1.000000000000000000e+00
3.423230593607305972e-01 4.686875713470319837e-01 5.823701484018264374e-01 1.000000000000000000e+00
3.333333333333333148e-01 4.613910632746248686e-01 5.802756033920416501e-01 1.000000000000000000e+00
3.333333333333333148e-01 4.721542726679712199e-01 5.695123939986953543e-01 1.000000000000000000e+00
3.333333333333333148e-01 4.829174820613175712e-01 5.587491846053489475e-01 1.000000000000000000e+00
3.333333333333333148e-01 4.936806914546639224e-01 5.479859752120026517e-01 1.000000000000000000e+00
3.333333333333333148e-01 5.044439008480102737e-01 5.372227658186562449e-01 1.000000000000000000e+00
3.333333333333333148e-01 5.152071102413566805e-01 5.264595564253098381e-01 1.000000000000000000e+00
3.406642408675797928e-01 5.303046518264837861e-01 5.156963470319634313e-01 1.000000000000000000e+00
3.560242376060012148e-01 5.501493191454662757e-01 5.049331376386171355e-01 1.000000000000000000e+00
3.713842343444226368e-01 5.699939864644486542e-01 4.941699282452707287e-01 1.000000000000000000e+00
3.867442310828440588e-01 5.898386537834310328e-01 4.834067188519243219e-01 1.000000000000000000e+00
4.021042278212654253e-01 6.096833211024135224e-01 4.726435094585779151e-01 1.000000000000000000e+00
4.174642245596868473e-01 6.295279884213959010e-01 4.618803000652315638e-01 1.000000000000000000e+00
4.122278620352249900e-01 6.335871249184604759e-01 4.547252120026092359e-01 1.000000000000000000e+00
3.968678652968036236e-01 6.298872716894976520e-01 4.493436073059360325e-01 1.000000000000000000e+00
3.815078685583822571e-01 6.261874184605348281e-01 4.439620026092628846e-01 1.000000000000000000e+00
3.661478718199608906e-01 6.224875652315720043e-01 4.385803979125896812e-01 1.000000000000000000e+00
3.507878750815395241e-01 6.187877120026091804e-01 4.331987932159164778e-01 1.000000000000000000e+00
3.354278783431181021e-01 6.150878587736463565e-01 4.278171885192433299e-01 1.000000000000000000e+00
3.333333333333333148e-01 6.192310828440964476e-01 4.224355838225701265e-01 1.000000000000000000e+00
3.333333333333333148e-01 6.246126875407695955e-01 4.170539791258969231e-01 1.000000000000000000e+00
3.333333333333333148e-01 6.299942922374428544e-01 4.116723744292237752e-01 1.000000000000000000e+00
3.333333333333333148e-01 6.353758969341160023e-01 4.062907697325505718e-01 1.000000000000000000e+00
3.333333333333333148e-01 6.407575016307891502e-01 4.009091650358773684e-01 1.000000000000000000e+00
3.344147504892365785e-01 6.462369536855836483e-01 3.960371819960860629e-01 1.000000000000000000e+00
3.534476924331375058e-01 6.533406718851922923e-01 3.996249184605348281e-01 1.000000000000000000e+00
3.724806343770383776e-01 6.604443900848009363e-01 4.032126549249836489e-01 1.000000000000000000e+00
3.915135763209392494e-01 6.675481082844095804e-01 4.068003913894324697e-01 1.000000000000000000e+00
4.105465182648401212e-01 6.746518264840182244e-01 4.103881278538812349e-01 1.000000000000000000e+00
4.295794602087409930e-01 6.817555446836267574e-01 4.139758643183300557e-01 1.000000000000000000e+00
4.295794602087416036e-01 6.882134703196346459e-01 4.059034572733206669e-01 1.000000000000000000e+00
4.105465182648402322e-01 6.897203196347031495e-01 3.915525114155251063e-01 1.000000000000000000e+00
3.915135763209399156e-01 6.912271689497715421e-01 3.772015655577303783e-01 1.000000000000000000e+00
3.724806343770385442e-01 6.927340182648401568e-01 3.628506196999348177e-01 1.000000000000000000e+00
3.534476924331382275e-01 6.942408675799085493e-01 3.484996738421400342e-01 1.000000000000000000e+00
3.344147504892368561e-01 6.957477168949771640e-01 3.341487279843444735e-01 1.000000000000000000e+00
3.333333333333333148e-01 7.019243313763859904e-01 3.333333333333333148e-01 1.000000000000000000e+00
3.333333333333333148e-01 7.083822570123939899e-01 3.333333333333333148e-01 1.000000000000000000e+00
3.333333333333333148e-01 7.148401826484016564e-01 3.333333333333333148e-01 1.000000000000000000e+00
3.333333333333333148e-01 7.212981082844097669e-01 3.333333333333333148e-01 1.000000000000000000e+00
3.333333333333333148e-01 7.277560339204174333e-01 3.333333333333333148e-01 1.000000000000000000e+00
3.431082844096555173e-01 7.343020221787346369e-01 3.352902804957601512e-01 1.000000000000000000e+00
4.147912589693398822e-01 7.414057403783430589e-01 3.496412263535548792e-01 1.000000000000000000e+00
4.864742335290284103e-01 7.485094585779518139e-01 3.639921722113503288e-01 1.000000000000000000e+00
5.581572080887128307e-01 7.556131767775601249e-01 3.783431180691450013e-01 1.000000000000000000e+00
6.298401826484013588e-01 7.627168949771688800e-01 3.926940639269405064e-01 1.000000000000000000e+00
7.015231572080857791e-01 7.698206131767773019e-01 4.070450097847351789e-01 1.000000000000000000e+00
7.401484018264844478e-01 7.750799086757990120e-01 4.119373776908025198e-01 1.000000000000000000e+00
7.115182648401838783e-01 7.765867579908675156e-01 3.975864318330077918e-01 1.000000000000000000e+00
6.828881278538817545e-01 7.780936073059360192e-01 3.832354859752122311e-01 1.000000000000000000e+00
6.542579908675811851e-01 7.796004566210045228e-01 3.688845401174174476e-01 1.000000000000000000e+00
6.256278538812790613e-01 7.811073059360730264e-01 3.545335942596218870e-01 1.000000000000000000e+00
5.969977168949784918e-01 7.826141552511414190e-01 3.401826484018271590e-01 1.000000000000000000e+00
5.945857795172858618e-01 7.855838225701238242e-01 3.333333333333333148e-01 1.000000000000000000e+00
6.161121983039781203e-01 7.898891063274623425e-01 3.333333333333333148e-01 1.000000000000000000e+00
6.376386170906716000e-01 7.941943900848009719e-01 3.333333333333333148e-01 1.000000000000000000e+00
6.591650358773638585e-01 7.984996738421394902e-01 3.333333333333333148e-01 1.000000000000000000e+00
6.806914546640572272e-01 8.028049575994781195e-01 3.333333333333333148e-01 1.000000000000000000e+00
7.022178734507494857e-01 8.071102413568166378e-01 3.333333333333333148e-01 1.000000000000000000e+00
7.664454908675799594e-01 8.037100456621004696e-01 3.538812785388128490e-01 1.000000000000000000e+00
8.476180283757315248e-01 7.972521200260928032e-01 3.825831702544023050e-01 1.000000000000000000e+00
9.287905658838877532e-01 7.907941943900848036e-01 4.112850619699934818e-01 1.000000000000000000e+00
1.000000000000000000e+00 7.843362687540771372e-01 4.399869536855829932e-01 1.000000000000000000e+00
1.000000000000000000e+00 7.778783431180691377e-01 4.686888454011741145e-01 1.000000000000000000e+00
1.000000000000000000e+00 7.714204174820614712e-01 4.973907371167636260e-01 1.000000000000000000e+00
1.000000000000000000e+00 7.708333333333332593e-01 4.739073711676450862e-01 1.000000000000000000e+00
1.000000000000000000e+00 7.708333333333332593e-01 4.452054794520554637e-01 1.000000000000000000e+00
1.000000000000000000e+00 7.708333333333332593e-01 4.165035877364641759e-01 1.000000000000000000e+00
9.465253995433797751e-01 7.708333333333332593e-01 3.878016960208745534e-01 1.000000000000000000e+00
8.868792808219168045e-01 7.708333333333332593e-01 3.590998043052832100e-01 1.000000000000000000e+00
8.333333333333332593e-01 7.697325505544684310e-01 3.333333333333333148e-01 1.000000000000000000e+00
8.333333333333332593e-01 7.589693411611218021e-01 3.333333333333333148e-01 1.000000000000000000e+00
8.333333333333332593e-01 7.482061317677757284e-01 3.333333333333333148e-01 1.000000000000000000e+00
8.333333333333332593e-01 7.374429223744290995e-01 3.333333333333333148e-01 1.000000000000000000e+00
8.333333333333332593e-01 7.266797129810831368e-01 3.333333333333333148e-01 1.000000000000000000e+00
8.333333333333332593e-01 7.159165035877365080e-01 3.333333333333333148e-01 1.000000000000000000e+00
8.418134377038474225e-01 7.015757501630798254e-01 3.418134377038474780e-01 1.000000000000000000e+00
8.705153294194385438e-01 6.787039302022180864e-01 3.705153294194385993e-01 1.000000000000000000e+00
8.992172211350281108e-01 6.558321102413577908e-01 3.992172211350281108e-01 1.000000000000000000e+00
9.279191128506192321e-01 6.329602902804960518e-01 4.279191128506192321e-01 1.000000000000000000e+00
9.566210045662086880e-01 6.100884703196356451e-01 4.566210045662087436e-01 1.000000000000000000e+00
9.853228962817999204e-01 5.872166503587740172e-01 4.853228962817999204e-01 1.000000000000000000e+00
9.859752120026105127e-01 5.761782452707109314e-01 4.859752120026105127e-01 1.000000000000000000e+00
9.572733202870192804e-01 5.775236464448791907e-01 4.572733202870192804e-01 1.000000000000000000e+00
9.285714285714296023e-01 5.788690476190474499e-01 4.285714285714296023e-01 1.000000000000000000e+00
8.998695368558382590e-01 5.802144487932158201e-01 3.998695368558383700e-01 1.000000000000000000e+00
8.711676451402485810e-01 5.815598499673840793e-01 3.711676451402486920e-01 1.000000000000000000e+00
8.424657534246573487e-01 5.829052511415524496e-01 3.424657534246574042e-01 1.000000000000000000e+00
8.333333333333332593e-01 5.759947814742336636e-01 3.333333333333333148e-01 1.000000000000000000e+00
8.333333333333332593e-01 5.652315720808870347e-01 3.333333333333333148e-01 1.000000000000000000e+00
8.333333333333332593e-01 5.544683626875409610e-01 3.333333333333333148e-01 1.000000000000000000e+00
8.333333333333332593e-01 5.437051532941943321e-01 3.333333333333333148e-01 1.000000000000000000e+00
8.333333333333332593e-01 5.329419439008482584e-01 3.333333333333333148e-01 1.000000000000000000e+00
8.333333333333332593e-01 5.221787345075015185e-01 3.333333333333333148e-01 1.000000000000000000e+00
8.384346461187212052e-01 5.067066210045666486e-01 3.584474885844740055e-01 1.000000000000000000e+00
8.442647178734506985e-01 4.905618069145465943e-01 3.871493803000651823e-01 1.000000000000000000e+00
8.500947896281798588e-01 4.744169928245275392e-01 4.158512720156546938e-01 1.000000000000000000e+00
8.559248613829092411e-01 4.582721787345075404e-01 4.445531637312458151e-01 1.000000000000000000e+00
8.617549331376384014e-01 4.421273646444884298e-01 4.732550554468353265e-01 1.000000000000000000e+00
8.667899951076321052e-01 4.267164057403783350e-01 4.980430528375735522e-01 1.000000000000000000e+00
8.609599233529029449e-01 4.213348010437052982e-01 4.693411611219840407e-01 1.000000000000000000e+00
8.551298515981735626e-01 4.159531963470319837e-01 4.406392694063928639e-01 1.000000000000000000e+00
8.492997798434444023e-01 4.105715916503589469e-01 4.119373776908034079e-01 1.000000000000000000e+00
8.434697080887149090e-01 4.051899869536856325e-01 3.832354859752122311e-01 1.000000000000000000e+00
8.376396363339858597e-01 3.998083822570125956e-01 3.545335942596227197e-01 1.000000000000000000e+00
8.333333333333332593e-01 3.930202217873451920e-01 3.333333333333333148e-01 1.000000000000000000e+00
8.333333333333332593e-01 3.822570123939991182e-01 3.333333333333333148e-01 1.000000000000000000e+00
8.333333333333332593e-01 3.714938030006524339e-01 3.333333333333333148e-01 1.000000000000000000e+00
8.333333333333332593e-01 3.607305936073063601e-01 3.333333333333333148e-01 1.000000000000000000e+00
8.333333333333332593e-01 3.499673842139596758e-01 3.333333333333333148e-01 1.000000000000000000e+00
8.333333333333332593e-01 3.392041748206136020e-01 3.333333333333333148e-01 1.000000000000000000e+00
8.253832354859753639e-01 3.392449445531635077e-01 3.480613992172206239e-01 1.000000000000000000e+00
8.078930202217881051e-01 3.522504892367899765e-01 3.804631441617728482e-01 1.000000000000000000e+00
7.904028049575997361e-01 3.652560339204172224e-01 4.128648891063269044e-01 1.000000000000000000e+00
7.729125896934123663e-01 3.782615786040436912e-01 4.452666340508790732e-01 1.000000000000000000e+00
7.554223744292239973e-01 3.912671232876709371e-01 4.776683789954331294e-01 1.000000000000000000e+00
7.379321591650366274e-01 4.042726679712974613e-01 5.100701239399854092e-01 1.000000000000000000e+00
7.326422863666013363e-01 4.004301206784085521e-01 5.074685053816050395e-01 1.000000000000000000e+00
7.339876875407695955e-01 3.874245759947819723e-01 4.858299698303988334e-01 1.000000000000000000e+00
7.353330887149379658e-01 3.744190313111547264e-01 4.641914342791913506e-01 1.000000000000000000e+00
7.366784898891062250e-01 3.614134866275281466e-01 4.425528987279850890e-01 1.000000000000000000e+00
7.380238910632745952e-01 3.484079419439008451e-01 4.209143631767776061e-01 1.000000000000000000e+00
7.393692922374428544e-01 3.354023972602743209e-01 3.992758276255713445e-01 1.000000000000000000e+00
7.350578930202217309e-01 3.333333333333333148e-01 4.048842139595564271e-01 1.000000000000000000e+00
7.296762883235486941e-01 3.333333333333333148e-01 4.156474233529025009e-01 1.000000000000000000e+00
7.242946836268753241e-01 3.333333333333333148e-01 4.264106327462491852e-01 1.000000000000000000e+00
7.189130789302022873e-01 3.333333333333333148e-01 4.371738421395952034e-01 1.000000000000000000e+00
7.135314742335289173e-01 3.333333333333333148e-01 4.479370515329418878e-01 1.000000000000000000e+00
7.079090733039794525e-01 3.338225701239395105e-01 4.596787345075004083e-01 1.000000000000000000e+00
6.954641124429223886e-01 3.481735159817350711e-01 4.991438356164382140e-01 1.000000000000000000e+00
6.830191515818659909e-01 3.625244618395298546e-01 5.386089367253737992e-01 1.000000000000000000e+00
6.705741907208088159e-01 3.768754076973254152e-01 5.780740378343116603e-01 1.000000000000000000e+00
6.581292298597525292e-01 3.912263535551201432e-01 6.175391389432471900e-01 1.000000000000000000e+00
6.456842689986953543e-01 4.055772994129157039e-01 6.570042400521849402e-01 1.000000000000000000e+00
6.364499245759946966e-01 4.134050880626227720e-01 6.834230267449451501e-01 1.000000000000000000e+00
6.381316760437050206e-01 3.990541422048272113e-01 6.654843444227007687e-01 1.000000000000000000e+00
6.398134275114153446e-01 3.847031963470324833e-01 6.475456621004572755e-01 1.000000000000000000e+00
6.414951789791257797e-01 3.703522504892369227e-01 6.296069797782127830e-01 1.000000000000000000e+00
6.431769304468361037e-01 3.560013046314421947e-01 6.116682974559694008e-01 1.000000000000000000e+00
6.448586819145465387e-01 3.416503587736465786e-01 5.937296151337249084e-01 1.000000000000000000e+00
6.435706131767776617e-01 3.333333333333333148e-01 5.878587736464443436e-01 1.000000000000000000e+00
6.381890084801044027e-01 3.333333333333333148e-01 5.986219830397910835e-01 1.000000000000000000e+00
6.328074037834313659e-01 3.333333333333333148e-01 6.093851924331370462e-01 1.000000000000000000e+00
6.274257990867579959e-01 3.333333333333333148e-01 6.201484018264837861e-01 1.000000000000000000e+00
6.220441943900849591e-01 3.333333333333333148e-01 6.309116112198298598e-01 1.000000000000000000e+00
6.166625896934115891e-01 3.333333333333333148e-01 6.416748206131764887e-01 1.000000000000000000e+00
6.112809849967385523e-01 3.333333333333333148e-01 6.590427266797119765e-01 1.000000000000000000e+00
6.058993803000651823e-01 3.333333333333333148e-01 6.805691454664054563e-01 1.000000000000000000e+00
6.005177756033921455e-01 3.333333333333333148e-01 7.020955642530976037e-01 1.000000000000000000e+00
5.951361709067187755e-01 3.333333333333333148e-01 7.236219830397910835e-01 1.000000000000000000e+00
5.897545662100457387e-01 3.333333333333333148e-01 7.451484018264833420e-01 1.000000000000000000e+00
5.843729615133723687e-01 3.333333333333333148e-01 7.666748206131768217e-01 1.000000000000000000e+00
6.041748206131760668e-01 3.958577951728617927e-01 7.725701239399868081e-01 1.000000000000000000e+00
6.300065231572081759e-01 4.733529028049578424e-01 7.747227658186561783e-01 1.000000000000000000e+00
6.558382257012387306e-01 5.508480104370495622e-01 7.768754076973254374e-01 1.000000000000000000e+00
6.816699282452707287e-01 6.283431180691456674e-01 7.790280495759948076e-01 1.000000000000000000e+00
7.075016307893013945e-01 7.058382257012372207e-01 7.811806914546639558e-01 1.000000000000000000e+00
7.333333333333333925e-01 7.833333333333333259e-01 7.833333333333333259e-01 1.000000000000000000e+00
