0.000000000000000000e+00 0.000000000000000000e+00 0.000000000000000000e+00 1.000000000000000000e+00
4.552837573385519476e-02 2.511415525114155806e-02 5.586105675146772059e-02 1.000000000000000000e+00
9.105675146771038952e-02 5.022831050228311611e-02 1.117221135029354412e-01 1.000000000000000000e+00
1.365851272015655704e-01 7.534246575342465335e-02 1.675831702544031410e-01 1.000000000000000000e+00
1.821135029354207790e-01 1.004566210045662322e-01 2.234442270058708824e-01 1.000000000000000000e+00
2.276418786692759599e-01 1.255707762557077833e-01 2.793052837573385960e-01 1.000000000000000000e+00
2.605699608610567708e-01 1.409817351598173507e-01 3.219006849315068641e-01 1.000000000000000000e+00
2.408732876712328941e-01 1.158675799086757996e-01 3.090924657534246944e-01 1.000000000000000000e+00
2.211766144814090174e-01 9.075342465753424848e-02 2.962842465753424692e-01 1.000000000000000000e+00
2.014799412915851407e-01 6.563926940639269736e-02 2.834760273972602995e-01 1.000000000000000000e+00
1.817832681017612639e-01 4.052511415525114624e-02 2.706678082191780743e-01 1.000000000000000000e+00
1.620865949119373872e-01 1.541095890410959512e-02 2.578595890410959046e-01 1.000000000000000000e+00
1.516634050880626139e-01 0.000000000000000000e+00 2.523287671232876672e-01 1.000000000000000000e+00
1.559686888454011600e-01 0.000000000000000000e+00 2.583561643835616262e-01 1.000000000000000000e+00
1.602739726027397338e-01 0.000000000000000000e+00 2.643835616438355851e-01 1.000000000000000000e+00
1.645792563600782799e-01 0.000000000000000000e+00 2.704109589041095996e-01 1.000000000000000000e+00
1.688845401174168259e-01 0.000000000000000000e+00 2.764383561643835585e-01 1.000000000000000000e+00
1.731898238747553720e-01 0.000000000000000000e+00 2.824657534246575175e-01 1.000000000000000000e+00
1.879745596868884761e-01 1.492157534246580514e-02 2.991231409001957053e-01 1.000000000000000000e+00
2.103620352250489545e-01 4.066860730593611917e-02 3.234924820613176988e-01 1.000000000000000000e+00
2.327495107632094329e-01 6.641563926940642626e-02 3.478618232224396922e-01 1.000000000000000000e+00
2.551369863013698835e-01 9.216267123287674723e-02 3.722311643835616302e-01 1.000000000000000000e+00
2.775244618395303342e-01 1.179097031963470404e-01 3.966005055446836236e-01 1.000000000000000000e+00
2.999119373776908404e-01 1.436567351598173614e-01 4.209698467058056170e-01 1.000000000000000000e+00
2.943542074363992289e-01 1.296128995433789843e-01 4.169925472928897592e-01 1.000000000000000000e+00
2.805772994129158704e-01 1.038658675799086634e-01 4.046780006523156836e-01 1.000000000000000000e+00
2.668003913894324564e-01 7.811883561643835627e-02 3.923634540117416636e-01 1.000000000000000000e+00
2.530234833659491533e-01 5.237180365296803530e-02 3.800489073711676435e-01 1.000000000000000000e+00
2.392465753424657671e-01 2.662477168949774209e-02 3.677343607305936235e-01 1.000000000000000000e+00
2.254696673189824085e-01 8.777397260274211188e-04 3.554198140900195479e-01 1.000000000000000000e+00
2.291585127201565542e-01 0.000000000000000000e+00 3.624853228962817697e-01 1.000000000000000000e+00
2.334637964774951280e-01 0.000000000000000000e+00 3.702348336594911693e-01 1.000000000000000000e+00
2.377690802348336740e-01 0.000000000000000000e+00 3.779843444227006244e-01 1.000000000000000000e+00
2.420743639921722201e-01 0.000000000000000000e+00 3.857338551859100240e-01 1.000000000000000000e+00
2.463796477495107662e-01 0.000000000000000000e+00 3.934833659491194235e-01 1.000000000000000000e+00
2.482020547945205102e-01 4.457762557077749044e-03 4.026954908675799971e-01 1.000000000000000000e+00
2.369006849315068164e-01 3.247798434442279725e-02 4.196385763209394271e-01 1.000000000000000000e+00
2.255993150684931225e-01 6.049820613176784545e-02 4.365816617742988015e-01 1.000000000000000000e+00
2.142979452054794287e-01 8.851842791911290753e-02 4.535247472276582315e-01 1.000000000000000000e+00
2.029965753424657349e-01 1.165386497064579696e-01 4.704678326810176059e-01 1.000000000000000000e+00
1.916952054794520410e-01 1.445588714938030039e-01 4.874109181343769803e-01 1.000000000000000000e+00
1.792563600782778876e-01 1.528375733855186214e-01 4.969667318982387005e-01 1.000000000000000000e+00
1.647260273972602773e-01 1.248173515981735315e-01 4.929394977168949366e-01 1.000000000000000000e+00
1.501956947162426670e-01 9.679712981082844170e-02 4.889122635355511726e-01 1.000000000000000000e+00
1.356653620352250289e-01 6.877690802348335186e-02 4.848850293542074086e-01 1.000000000000000000e+00
1.211350293542074325e-01 4.075668623613827590e-02 4.808577951728636446e-01 1.000000000000000000e+00
1.066046966731898082e-01 1.273646444879317219e-02 4.768305609915198806e-01 1.000000000000000000e+00
9.060665362035223713e-02 0.000000000000000000e+00 4.773483365949119372e-01 1.000000000000000000e+00
7.338551859099805286e-02 0.000000000000000000e+00 4.816536203522504556e-01 1.000000000000000000e+00
5.616438356164385470e-02 0.000000000000000000e+00 4.859589041095890294e-01 1.000000000000000000e+00
3.894324853228967043e-02 0.000000000000000000e+00 4.902641878669276032e-01 1.000000000000000000e+00
2.172211350293547227e-02 0.000000000000000000e+00 4.945694716242661215e-01 1.000000000000000000e+00
4.500978473581274120e-03 0.000000000000000000e+00 4.988747553816046953e-01 1.000000000000000000e+00
2.120026092628821829e-02 2.915035877364630101e-02 5.298128669275927738e-01 1.000000000000000000e+00
4.990215264187856936e-02 6.861545988258303808e-02 5.701749021526417716e-01 1.000000000000000000e+00
7.860404435746892737e-02 1.080805609915197751e-01 6.105369373776906583e-01 1.000000000000000000e+00
1.073059360730592854e-01 1.475456621004565261e-01 6.508989726027396561e-01 1.000000000000000000e+00
1.360078277886496156e-01 1.870107632093932493e-01 6.912610078277885428e-01 1.000000000000000000e+00
1.647097195042399875e-01 2.264758643183300002e-01 7.316230430528374296e-01 1.000000000000000000e+00
1.399217221135029832e-01 1.923923679060665914e-01 7.368823385518591396e-01 1.000000000000000000e+00
1.112198303979126252e-01 1.529272667971298683e-01 7.395731409001956580e-01 1.000000000000000000e+00
8.251793868232226714e-02 1.134621656881931173e-01 7.422639432485322875e-01 1.000000000000000000e+00
5.381604696673192301e-02 7.399706457925639413e-02 7.449547455968689169e-01 1.000000000000000000e+00
2.511415525114155112e-02 3.453196347031964319e-02 7.476455479452054353e-01 1.000000000000000000e+00
0.000000000000000000e+00 0.000000000000000000e+00 7.526908023483366295e-01 1.000000000000000000e+00
0.000000000000000000e+00 0.000000000000000000e+00 7.742172211350294431e-01 1.000000000000000000e+00
0.000000000000000000e+00 0.000000000000000000e+00 7.957436399217221457e-01 1.000000000000000000e+00
0.000000000000000000e+00 0.000000000000000000e+00 8.172700587084149593e-01 1.000000000000000000e+00
0.000000000000000000e+00 0.000000000000000000e+00 8.387964774951077729e-01 1.000000000000000000e+00
0.000000000000000000e+00 0.000000000000000000e+00 8.603228962818005865e-01 1.000000000000000000e+00
8.632990867580125904e-03 1.855022831050275045e-02 8.750000000000000000e-01 1.000000000000000000e+00
3.576524787997403115e-02 7.685094585779544962e-02 8.750000000000000000e-01 1.000000000000000000e+00
6.289750489236793640e-02 1.351516634050881349e-01 8.750000000000000000e-01 1.000000000000000000e+00
9.002976190476184859e-02 1.934523809523808480e-01 8.750000000000000000e-01 1.000000000000000000e+00
1.171620189171557608e-01 2.517530984996735333e-01 8.750000000000000000e-01 1.000000000000000000e+00
1.442942759295496868e-01 3.100538160469662463e-01 8.750000000000000000e-01 1.000000000000000000e+00
1.436776337247230306e-01 3.142327136333990523e-01 8.750000000000000000e-01 1.000000000000000000e+00
1.165453767123289935e-01 2.666952054794524685e-01 8.750000000000000000e-01 1.000000000000000000e+00
8.941311969993494257e-02 2.191576973255058569e-01 8.750000000000000000e-01 1.000000000000000000e+00
6.228086268754090549e-02 1.716201891715592731e-01 8.750000000000000000e-01 1.000000000000000000e+00
3.514860567514685452e-02 1.240826810176126893e-01 8.750000000000000000e-01 1.000000000000000000e+00
8.016348662752831311e-03 7.654517286366613327e-02 8.750000000000000000e-01 1.000000000000000000e+00
0.000000000000000000e+00 7.008317025440310988e-02 8.598336594911937247e-01 1.000000000000000000e+00
0.000000000000000000e+00 8.084637964774948893e-02 8.383072407045010221e-01 1.000000000000000000e+00
0.000000000000000000e+00 9.160958904109585410e-02 8.167808219178083196e-01 1.000000000000000000e+00
0.000000000000000000e+00 1.023727984344422193e-01 7.952544031311155059e-01 1.000000000000000000e+00
0.000000000000000000e+00 1.131360078277885983e-01 7.737279843444228034e-01 1.000000000000000000e+00
0.000000000000000000e+00 1.238992172211349635e-01 7.522015655577301008e-01 1.000000000000000000e+00
2.254566210045649485e-02 1.702926247553813444e-01 7.089346868884542907e-01 1.000000000000000000e+00
4.765981735159808413e-02 2.207451687866925916e-01 6.631910469667320340e-01 1.000000000000000000e+00
7.277397260273968382e-02 2.711977128180038110e-01 6.174474070450098884e-01 1.000000000000000000e+00
9.788812785388127657e-02 3.216502568493150305e-01 5.717037671232876317e-01 1.000000000000000000e+00
1.230022831050228693e-01 3.721028008806263054e-01 5.259601272015654860e-01 1.000000000000000000e+00
1.435502283105022370e-01 4.153391022504891450e-01 4.846196183953033199e-01 1.000000000000000000e+00
1.184360730593606997e-01 3.864129770058707947e-01 4.873104207436399493e-01 1.000000000000000000e+00
9.332191780821916249e-02 3.574868517612524443e-01 4.900012230919765233e-01 1.000000000000000000e+00
6.820776255707763913e-02 3.285607265166340385e-01 4.926920254403130972e-01 1.000000000000000000e+00
4.309360730593610189e-02 2.996346012720156882e-01 4.953828277886497267e-01 1.000000000000000000e+00
1.797945205479456465e-02 2.707084760273973378e-01 4.980736301369863006e-01 1.000000000000000000e+00
0.000000000000000000e+00 2.561154598825831075e-01 4.938845401174168925e-01 1.000000000000000000e+00
0.000000000000000000e+00 2.776418786692758656e-01 4.723581213307241344e-01 1.000000000000000000e+00
0.000000000000000000e+00 2.991682974559685682e-01 4.508317025440314318e-01 1.000000000000000000e+00
0.000000000000000000e+00 3.206947162426613263e-01 4.293052837573386737e-01 1.000000000000000000e+00
0.000000000000000000e+00 3.422211350293540844e-01 4.077788649706459156e-01 1.000000000000000000e+00
0.000000000000000000e+00 3.637475538160468425e-01 3.862524461839531575e-01 1.000000000000000000e+00
1.466181506849293346e-02 3.939426369863011090e-01 3.647260273972603994e-01 1.000000000000000000e+00
4.538180854533577224e-02 4.336319716242659217e-01 3.431996086105676413e-01 1.000000000000000000e+00
7.610180202217860235e-02 4.733213062622307898e-01 3.216731898238748277e-01 1.000000000000000000e+00
1.068217954990214602e-01 5.130106409001955470e-01 3.001467710371820141e-01 1.000000000000000000e+00
1.375417889758642764e-01 5.526999755381604151e-01 2.786203522504892560e-01 1.000000000000000000e+00
1.682617824527071204e-01 5.923893101761252833e-01 2.570939334637964424e-01 1.000000000000000000e+00
1.577890574037834059e-01 6.005075831702544331e-01 2.427837573385518422e-01 1.000000000000000000e+00
1.270690639269406452e-01 5.931078767123287854e-01 2.320205479452054909e-01 1.000000000000000000e+00
9.634907045009787063e-02 5.857081702544031376e-01 2.212573385518591118e-01 1.000000000000000000e+00
6.562907697325510992e-02 5.783084637964774899e-01 2.104941291585127328e-01 1.000000000000000000e+00
3.490908349641236308e-02 5.709087573385518422e-01 1.997309197651663815e-01 1.000000000000000000e+00
4.189090019569602363e-03 5.635090508806261944e-01 1.889677103718200024e-01 1.000000000000000000e+00
0.000000000000000000e+00 5.717954990215263766e-01 1.782045009784736234e-01 1.000000000000000000e+00
0.000000000000000000e+00 5.825587084148727834e-01 1.674412915851272721e-01 1.000000000000000000e+00
0.000000000000000000e+00 5.933219178082190792e-01 1.566780821917808930e-01 1.000000000000000000e+00
0.000000000000000000e+00 6.040851272015654860e-01 1.459148727984345140e-01 1.000000000000000000e+00
0.000000000000000000e+00 6.148483365949118928e-01 1.351516634050881627e-01 1.000000000000000000e+00
2.162834311806573380e-03 6.258072407045008889e-01 1.254076973255054683e-01 1.000000000000000000e+00
4.022871819960832651e-02 6.400146771037180660e-01 1.325831702544030821e-01 1.000000000000000000e+00
7.829460208741008398e-02 6.542221135029353540e-01 1.397586431833006682e-01 1.000000000000000000e+00
1.163604859752118414e-01 6.684295499021526421e-01 1.469341161121982542e-01 1.000000000000000000e+00
1.544263698630136128e-01 6.826369863013698192e-01 1.541095890410958680e-01 1.000000000000000000e+00
1.924922537508153564e-01 6.968444227005871072e-01 1.612850619699934540e-01 1.000000000000000000e+00
1.924922537508164944e-01 7.097602739726026622e-01 1.451402478799747320e-01 1.000000000000000000e+00
1.544263698630137793e-01 7.127739726027397804e-01 1.164383561643836107e-01 1.000000000000000000e+00
1.163604859752131737e-01 7.157876712328765656e-01 8.773646444879409922e-02 1.000000000000000000e+00
7.829460208741043092e-02 7.188013698630136838e-01 5.903457273320296406e-02 1.000000000000000000e+00
4.022871819960985307e-02 7.218150684931505801e-01 3.033268101761346647e-02 1.000000000000000000e+00
2.162834311807110277e-03 7.248287671232875873e-01 1.630789302022317422e-03 1.000000000000000000e+00
0.000000000000000000e+00 7.371819960861052401e-01 0.000000000000000000e+00 1.000000000000000000e+00
0.000000000000000000e+00 7.500978473581213501e-01 0.000000000000000000e+00 1.000000000000000000e+00
0.000000000000000000e+00 7.630136986301366830e-01 0.000000000000000000e+00 1.000000000000000000e+00
0.000000000000000000e+00 7.759295499021527931e-01 0.000000000000000000e+00 1.000000000000000000e+00
0.000000000000000000e+00 7.888454011741681260e-01 0.000000000000000000e+00 1.000000000000000000e+00
1.954990215264435643e-02 8.019373776908026441e-01 3.913894324853724876e-03 1.000000000000000000e+00
1.629158512720131902e-01 8.161448140900193771e-01 3.261578604044308716e-02 1.000000000000000000e+00
3.062818003913901910e-01 8.303522504892368872e-01 6.131767775603408355e-02 1.000000000000000000e+00
4.496477495107590872e-01 8.445596868884536201e-01 9.001956947162344236e-02 1.000000000000000000e+00
5.930136986301360880e-01 8.587671232876711302e-01 1.187214611872144387e-01 1.000000000000000000e+00
7.363796477495049286e-01 8.729745596868878632e-01 1.474233529028037837e-01 1.000000000000000000e+00
8.136301369863021549e-01 8.834931506849313942e-01 1.572080887149384654e-01 1.000000000000000000e+00
7.563698630137011270e-01 8.865068493150682905e-01 1.285061969993489539e-01 1.000000000000000000e+00
6.991095890410968794e-01 8.895205479452054087e-01 9.980430528375783261e-02 1.000000000000000000e+00
6.418493150684958515e-01 8.925342465753423049e-01 7.110241356816833502e-02 1.000000000000000000e+00
5.845890410958914929e-01 8.955479452054794232e-01 4.240052185257719986e-02 1.000000000000000000e+00
5.273287671232904650e-01 8.985616438356163194e-01 1.369863013698771614e-02 1.000000000000000000e+00
5.225048923679053159e-01 9.045009784735810188e-01 0.000000000000000000e+00 1.000000000000000000e+00
5.655577299412897219e-01 9.131115459882579444e-01 0.000000000000000000e+00 1.000000000000000000e+00
6.086105675146766814e-01 9.217221135029353141e-01 0.000000000000000000e+00 1.000000000000000000e+00
6.516634050880610873e-01 9.303326810176122397e-01 0.000000000000000000e+00 1.000000000000000000e+00
6.947162426614480468e-01 9.389432485322896094e-01 0.000000000000000000e+00 1.000000000000000000e+00
7.377690802348324528e-01 9.475538160469664239e-01 0.000000000000000000e+00 1.000000000000000000e+00
8.662243150684934001e-01 9.407534246575341985e-01 4.109589041095901285e-02 1.000000000000000000e+00
1.000000000000000000e+00 9.278375733855188656e-01 9.849967384213800803e-02 1.000000000000000000e+00
1.000000000000000000e+00 9.149217221135028666e-01 1.559034572733202784e-01 1.000000000000000000e+00
1.000000000000000000e+00 9.020058708414876447e-01 2.133072407044993013e-01 1.000000000000000000e+00
1.000000000000000000e+00 8.890900195694716457e-01 2.707110241356815439e-01 1.000000000000000000e+00
1.000000000000000000e+00 8.761741682974564238e-01 3.281148075668605668e-01 1.000000000000000000e+00
1.000000000000000000e+00 8.750000000000000000e-01 2.811480756686235427e-01 1.000000000000000000e+00
1.000000000000000000e+00 8.750000000000000000e-01 2.237442922374442422e-01 1.000000000000000000e+00
1.000000000000000000e+00 8.750000000000000000e-01 1.663405088062617221e-01 1.000000000000000000e+00
1.000000000000000000e+00 8.750000000000000000e-01 1.089367253750823938e-01 1.000000000000000000e+00
1.000000000000000000e+00 8.750000000000000000e-01 5.153294194389984595e-02 1.000000000000000000e+00
1.000000000000000000e+00 8.727984344422702323e-01 0.000000000000000000e+00 1.000000000000000000e+00
1.000000000000000000e+00 8.512720156555769746e-01 0.000000000000000000e+00 1.000000000000000000e+00
1.000000000000000000e+00 8.297455968688849381e-01 0.000000000000000000e+00 1.000000000000000000e+00
1.000000000000000000e+00 8.082191780821916804e-01 0.000000000000000000e+00 1.000000000000000000e+00
1.000000000000000000e+00 7.866927592954997550e-01 0.000000000000000000e+00 1.000000000000000000e+00
1.000000000000000000e+00 7.651663405088064973e-01 0.000000000000000000e+00 1.000000000000000000e+00
1.000000000000000000e+00 7.364848336594931322e-01 1.696020874102827092e-02 1.000000000000000000e+00
1.000000000000000000e+00 6.907411937377697653e-01 7.436399217221054125e-02 1.000000000000000000e+00
1.000000000000000000e+00 6.449975538160489519e-01 1.317677756033895364e-01 1.000000000000000000e+00
1.000000000000000000e+00 5.992539138943255850e-01 1.891715590345718345e-01 1.000000000000000000e+00
1.000000000000000000e+00 5.535102739726047716e-01 2.465753424657508019e-01 1.000000000000000000e+00
1.000000000000000000e+00 5.077666340508814047e-01 3.039791258969331000e-01 1.000000000000000000e+00
1.000000000000000000e+00 4.856898238747552887e-01 3.052837573385543957e-01 1.000000000000000000e+00
1.000000000000000000e+00 4.883806262230919182e-01 2.478799739073718478e-01 1.000000000000000000e+00
1.000000000000000000e+00 4.910714285714284921e-01 1.904761904761925750e-01 1.000000000000000000e+00
1.000000000000000000e+00 4.937622309197651771e-01 1.330724070450100271e-01 1.000000000000000000e+00
1.000000000000000000e+00 4.964530332681016955e-01 7.566862361383069890e-02 1.000000000000000000e+00
1.000000000000000000e+00 4.991438356164383805e-01 1.826484018264817877e-02 1.000000000000000000e+00
1.000000000000000000e+00 4.853228962818009196e-01 0.000000000000000000e+00 1.000000000000000000e+00
1.000000000000000000e+00 4.637964774951075508e-01 0.000000000000000000e+00 1.000000000000000000e+00
1.000000000000000000e+00 4.422700587084154034e-01 0.000000000000000000e+00 1.000000000000000000e+00
1.000000000000000000e+00 4.207436399217220901e-01 0.000000000000000000e+00 1.000000000000000000e+00
1.000000000000000000e+00 3.992172211350299427e-01 0.000000000000000000e+00 1.000000000000000000e+00
1.000000000000000000e+00 3.776908023483365739e-01 0.000000000000000000e+00 1.000000000000000000e+00
1.000000000000000000e+00 3.467465753424666675e-01 5.022831050228142302e-02 1.000000000000000000e+00
1.000000000000000000e+00 3.144569471624266699e-01 1.076320939334636934e-01 1.000000000000000000e+00
1.000000000000000000e+00 2.821673189823884487e-01 1.650358773646427024e-01 1.000000000000000000e+00
1.000000000000000000e+00 2.498776908023484511e-01 2.224396607958249450e-01 1.000000000000000000e+00
1.000000000000000000e+00 2.175880626223102576e-01 2.798434442270039679e-01 1.000000000000000000e+00
1.000000000000000000e+00 1.867661448140900682e-01 3.294194390084803636e-01 1.000000000000000000e+00
1.000000000000000000e+00 1.760029354207440222e-01 2.720156555773013962e-01 1.000000000000000000e+00
1.000000000000000000e+00 1.652397260273973378e-01 2.146118721461190981e-01 1.000000000000000000e+00
1.000000000000000000e+00 1.544765166340512641e-01 1.572080887149401029e-01 1.000000000000000000e+00
1.000000000000000000e+00 1.437133072407045797e-01 9.980430528375783261e-02 1.000000000000000000e+00
1.000000000000000000e+00 1.329500978473585338e-01 4.240052185257886519e-02 1.000000000000000000e+00
1.000000000000000000e+00 1.193737769080237127e-01 0.000000000000000000e+00 1.000000000000000000e+00
1.000000000000000000e+00 9.784735812133157906e-02 0.000000000000000000e+00 1.000000000000000000e+00
1.000000000000000000e+00 7.632093933463823809e-02 0.000000000000000000e+00 1.000000000000000000e+00
1.000000000000000000e+00 5.479452054794610449e-02 0.000000000000000000e+00 1.000000000000000000e+00
1.000000000000000000e+00 3.326810176125274965e-02 0.000000000000000000e+00 1.000000000000000000e+00
1.000000000000000000e+00 1.174168297456061605e-02 0.000000000000000000e+00 1.000000000000000000e+00
9.840998043052843203e-01 1.182322243966038230e-02 2.945613176777457307e-02 1.000000000000000000e+00
9.491193737769095806e-01 3.783431180691336493e-02 9.425962165687899741e-02 1.000000000000000000e+00
9.141389432485329536e-01 6.384540117416784288e-02 1.590631115459871237e-01 1.000000000000000000e+00
8.791585127201582139e-01 8.985649054142080816e-02 2.238666014350915168e-01 1.000000000000000000e+00
8.441780821917814759e-01 1.158675799086752861e-01 2.886700913241996291e-01 1.000000000000000000e+00
8.091976516634067362e-01 1.418786692759282653e-01 3.534735812133040778e-01 1.000000000000000000e+00
7.986179060665361540e-01 1.341935746901505022e-01 3.482703440965435049e-01 1.000000000000000000e+00
8.013087084148726724e-01 1.081824853228973843e-01 3.049932729941309817e-01 1.000000000000000000e+00
8.039995107632094129e-01 8.217139595564279531e-02 2.617162018917160160e-01 1.000000000000000000e+00
8.066903131115459313e-01 5.616030658838967737e-02 2.184391307893035206e-01 1.000000000000000000e+00
8.093811154598825608e-01 3.014921722113507452e-02 1.751620596868885271e-01 1.000000000000000000e+00
8.120719178082190792e-01 4.138127853881956586e-03 1.318849885844760317e-01 1.000000000000000000e+00
8.034491193737769432e-01 0.000000000000000000e+00 1.431017612524462246e-01 1.000000000000000000e+00
7.926859099804308695e-01 0.000000000000000000e+00 1.646281800391383443e-01 1.000000000000000000e+00
7.819227005870841296e-01 0.000000000000000000e+00 1.861545988258317130e-01 1.000000000000000000e+00
7.711594911937380559e-01 0.000000000000000000e+00 2.076810176125238327e-01 1.000000000000000000e+00
7.603962818003914270e-01 0.000000000000000000e+00 2.292074363992172015e-01 1.000000000000000000e+00
7.491514799412923864e-01 9.784735812124164059e-04 2.526908023483341315e-01 1.000000000000000000e+00
7.242615582191781476e-01 2.968036529680355418e-02 3.316210045662097983e-01 1.000000000000000000e+00
6.993716364970653521e-01 5.838225701239305870e-02 4.105512067840809687e-01 1.000000000000000000e+00
6.744817147749512243e-01 8.708414872798420081e-02 4.894814090019565800e-01 1.000000000000000000e+00
6.495917930528384288e-01 1.157860404435736845e-01 5.684116112198276394e-01 1.000000000000000000e+00
6.247018713307241899e-01 1.444879321591648336e-01 6.473418134377033617e-01 1.000000000000000000e+00
6.062331824853227635e-01 1.601435094585789976e-01 7.001793868232237816e-01 1.000000000000000000e+00
6.095966854207436336e-01 1.314416177429878485e-01 6.643020221787347968e-01 1.000000000000000000e+00
6.129601883561642817e-01 1.027397260273983509e-01 6.284246575342479213e-01 1.000000000000000000e+00
6.163236912915850407e-01 7.403783431180721575e-02 5.925472928897590474e-01 1.000000000000000000e+00
6.196871942270056888e-01 4.533594259621771816e-02 5.566699282452721720e-01 1.000000000000000000e+00
6.230506971624265589e-01 1.663405088062658299e-02 5.207925636007832981e-01 1.000000000000000000e+00
6.204745596868889157e-01 0.000000000000000000e+00 5.090508806262221686e-01 1.000000000000000000e+00
6.097113502935421758e-01 0.000000000000000000e+00 5.305772994129155373e-01 1.000000000000000000e+00
5.989481409001962131e-01 0.000000000000000000e+00 5.521037181996076848e-01 1.000000000000000000e+00
5.881849315068494732e-01 0.000000000000000000e+00 5.736301369863010535e-01 1.000000000000000000e+00
5.774217221135033995e-01 0.000000000000000000e+00 5.951565557729932010e-01 1.000000000000000000e+00
5.666585127201567706e-01 0.000000000000000000e+00 6.166829745596864587e-01 1.000000000000000000e+00
5.558953033268106969e-01 0.000000000000000000e+00 6.514187866927574344e-01 1.000000000000000000e+00
5.451320939334639570e-01 0.000000000000000000e+00 6.944716242661442829e-01 1.000000000000000000e+00
5.343688845401177723e-01 0.000000000000000000e+00 7.375244618395287999e-01 1.000000000000000000e+00
5.236056751467710324e-01 0.000000000000000000e+00 7.805772994129156483e-01 1.000000000000000000e+00
5.128424657534249587e-01 0.000000000000000000e+00 8.236301369863001653e-01 1.000000000000000000e+00
5.020792563600782188e-01 0.000000000000000000e+00 8.666829745596871248e-01 1.000000000000000000e+00
5.416829745596856149e-01 1.250489236790569558e-01 8.784735812133070976e-01 1.000000000000000000e+00
5.933463796477497221e-01 2.800391389432490552e-01 8.827788649706458379e-01 1.000000000000000000e+00
6.450097847358108316e-01 4.350293542074324393e-01 8.870841487279842452e-01 1.000000000000000000e+00
6.966731898238749388e-01 5.900195694716245942e-01 8.913894324853228746e-01 1.000000000000000000e+00
7.483365949119360483e-01 7.450097847358078118e-01 8.956947162426613929e-01 1.000000000000000000e+00
8.000000000000000444e-01 9.000000000000000222e-01 9.000000000000000222e-01 1.000000000000000000e+00
