0.000000000000000000e+00 0.000000000000000000e+00 0.000000000000000000e+00 1.000000000000000000e+00
2.806592004700706605e-02 4.721895131313414394e-03 0.000000000000000000e+00 1.000000000000000000e+00
4.891774209295861320e-02 1.434921793624525065e-02 0.000000000000000000e+00 1.000000000000000000e+00
6.729517920947727938e-02 2.715036912946478323e-02 0.000000000000000000e+00 1.000000000000000000e+00
8.423010723621272844e-02 4.252732199354958276e-02 0.000000000000000000e+00 1.000000000000000000e+00
1.001673453042424833e-01 6.014156124748063631e-02 0.000000000000000000e+00 1.000000000000000000e+00
1.153521246995113519e-01 7.976250866190225108e-02 0.000000000000000000e+00 1.000000000000000000e+00
1.299384373997151954e-01 1.012047611548191756e-01 0.000000000000000000e+00 1.000000000000000000e+00
1.440312665431813799e-01 1.243468425772883967e-01 0.000000000000000000e+00 1.000000000000000000e+00
1.577063847641149985e-01 1.490827928595566121e-01 0.000000000000000000e+00 1.000000000000000000e+00
1.667225324662547636e-01 1.676004131994929813e-01 0.000000000000000000e+00 1.000000000000000000e+00
1.650614154538882772e-01 1.803385683762042391e-01 0.000000000000000000e+00 1.000000000000000000e+00
1.614691365533912626e-01 1.928013891130108681e-01 0.000000000000000000e+00 1.000000000000000000e+00
1.560681660261067916e-01 2.050171117911630536e-01 0.000000000000000000e+00 1.000000000000000000e+00
1.489558256975478667e-01 2.170091372439720001e-01 0.000000000000000000e+00 1.000000000000000000e+00
1.402147409323967753e-01 2.287971442955076817e-01 0.000000000000000000e+00 1.000000000000000000e+00
1.299187734779155556e-01 2.403978897936778214e-01 0.000000000000000000e+00 1.000000000000000000e+00
1.181345168545697710e-01 2.518257974847902259e-01 0.000000000000000000e+00 1.000000000000000000e+00
1.049224558799998069e-01 2.630934006028525229e-01 0.000000000000000000e+00 1.000000000000000000e+00
9.032654274035620268e-02 2.742116806170684096e-01 0.000000000000000000e+00 1.000000000000000000e+00
7.440086065525083892e-02 2.851903306800743776e-01 0.000000000000000000e+00 1.000000000000000000e+00
5.719190224192263056e-02 2.960379634393158210e-01 0.000000000000000000e+00 1.000000000000000000e+00
3.872847956322034157e-02 3.067622770481278627e-01 0.000000000000000000e+00 1.000000000000000000e+00
1.905737507780488546e-02 3.173701892998155305e-01 0.000000000000000000e+00 1.000000000000000000e+00
0.000000000000000000e+00 3.345591297178968637e-01 1.791424012133660190e-03 1.000000000000000000e+00
0.000000000000000000e+00 3.451645069429691848e-01 2.379318599909520382e-02 1.000000000000000000e+00
0.000000000000000000e+00 3.556685295441130990e-01 4.690997586879464692e-02 1.000000000000000000e+00
0.000000000000000000e+00 3.660760115263512193e-01 7.111676328857169382e-02 1.000000000000000000e+00
0.000000000000000000e+00 3.763913690092112185e-01 9.639019375762754305e-02 1.000000000000000000e+00
0.000000000000000000e+00 3.866186661096647215e-01 1.227122456864461336e-01 1.000000000000000000e+00
0.000000000000000000e+00 3.967616541377504968e-01 1.500546174421479029e-01 1.000000000000000000e+00
0.000000000000000000e+00 4.068238052695726803e-01 1.783969715145647672e-01 1.000000000000000000e+00
0.000000000000000000e+00 4.168083416285387477e-01 2.077198858797580927e-01 1.000000000000000000e+00
0.000000000000000000e+00 4.267182605246582217e-01 2.380047828159693457e-01 1.000000000000000000e+00
0.000000000000000000e+00 4.365563564602960023e-01 2.692338654022454203e-01 1.000000000000000000e+00
0.000000000000000000e+00 4.463252403993999140e-01 3.013929696006624193e-01 1.000000000000000000e+00
0.000000000000000000e+00 4.560273567088279911e-01 3.344672668251575387e-01 1.000000000000000000e+00
0.000000000000000000e+00 4.656649981097454871e-01 3.684380505902464242e-01 1.000000000000000000e+00
0.000000000000000000e+00 4.752403189201980793e-01 4.032900809056337299e-01 1.000000000000000000e+00
0.000000000000000000e+00 4.847553468239167440e-01 4.390086681106052380e-01 1.000000000000000000e+00
0.000000000000000000e+00 4.942119933628896233e-01 4.755864182613279700e-01 1.000000000000000000e+00
0.000000000000000000e+00 4.942134066470567078e-01 4.935398220540768710e-01 1.000000000000000000e+00
0.000000000000000000e+00 4.746527292660799868e-01 5.026981178738675338e-01 1.000000000000000000e+00
0.000000000000000000e+00 4.541650527839264373e-01 5.118042243057800977e-01 1.000000000000000000e+00
0.000000000000000000e+00 4.327605230076891352e-01 5.208596424270021119e-01 1.000000000000000000e+00
0.000000000000000000e+00 4.104648109645820941e-01 5.298657970849881549e-01 1.000000000000000000e+00
0.000000000000000000e+00 3.872748819839966217e-01 5.388240423731410766e-01 1.000000000000000000e+00
0.000000000000000000e+00 3.632177923071173709e-01 5.477356666028974086e-01 1.000000000000000000e+00
0.000000000000000000e+00 3.382958805870069363e-01 5.566018968282506751e-01 1.000000000000000000e+00
0.000000000000000000e+00 3.125272693139344304e-01 5.654239029714639431e-01 1.000000000000000000e+00
0.000000000000000000e+00 2.859172965326026716e-01 5.742028015925367823e-01 1.000000000000000000e+00
0.000000000000000000e+00 2.584840148349580313e-01 5.829396593396835025e-01 1.000000000000000000e+00
0.000000000000000000e+00 2.302272752773419084e-01 5.916354961135352752e-01 1.000000000000000000e+00
0.000000000000000000e+00 2.011717830510570126e-01 6.002912879738544483e-01 1.000000000000000000e+00
0.000000000000000000e+00 1.713088992188883108e-01 6.089079698141721675e-01 1.000000000000000000e+00
0.000000000000000000e+00 1.406632760023633355e-01 6.174864378268252185e-01 1.000000000000000000e+00
0.000000000000000000e+00 1.092406785734992697e-01 6.260275517783249200e-01 1.000000000000000000e+00
0.000000000000000000e+00 7.704077023106346844e-02 6.345321371127727872e-01 1.000000000000000000e+00
0.000000000000000000e+00 4.408418048547983747e-02 6.430009868991025668e-01 1.000000000000000000e+00
0.000000000000000000e+00 1.037677829367267442e-02 6.514348636362312650e-01 1.000000000000000000e+00
2.408459516626235489e-02 0.000000000000000000e+00 6.598345009287192031e-01 1.000000000000000000e+00
5.928008755721628914e-02 0.000000000000000000e+00 6.682006050442258482e-01 1.000000000000000000e+00
9.520280735623556922e-02 0.000000000000000000e+00 6.765338563629003099e-01 1.000000000000000000e+00
1.318487188059620230e-01 0.000000000000000000e+00 6.848349107278227654e-01 1.000000000000000000e+00
1.692161678282100845e-01 0.000000000000000000e+00 6.931044007047132416e-01 1.000000000000000000e+00
2.072903308438816539e-01 0.000000000000000000e+00 7.013429367583252638e-01 1.000000000000000000e+00
2.460649237731329653e-01 0.000000000000000000e+00 7.095511083522300089e-01 1.000000000000000000e+00
2.855337962584989508e-01 0.000000000000000000e+00 7.177294849780617714e-01 1.000000000000000000e+00
3.256909266723173046e-01 0.000000000000000000e+00 7.258786171197351145e-01 1.000000000000000000e+00
3.665359340411292743e-01 0.000000000000000000e+00 7.339990371576360362e-01 1.000000000000000000e+00
4.080579916426580467e-01 0.000000000000000000e+00 7.420912602173367345e-01 1.000000000000000000e+00
4.502502902523472517e-01 0.000000000000000000e+00 7.501557849669848732e-01 1.000000000000000000e+00
4.931072900606491283e-01 0.000000000000000000e+00 7.581930943671451040e-01 1.000000000000000000e+00
5.366235582651767144e-01 0.000000000000000000e+00 7.662036563765501906e-01 1.000000000000000000e+00
5.807937654322977705e-01 0.000000000000000000e+00 7.741879246169226514e-01 1.000000000000000000e+00
6.256126820335318195e-01 0.000000000000000000e+00 7.821463389997596050e-01 1.000000000000000000e+00
6.710751751459801406e-01 0.000000000000000000e+00 7.900793263177341430e-01 1.000000000000000000e+00
7.171762053068583276e-01 0.000000000000000000e+00 7.979873008031519444e-01 1.000000000000000000e+00
7.639108235128920787e-01 0.000000000000000000e+00 8.058706646557001196e-01 1.000000000000000000e+00
8.112741683560156236e-01 0.000000000000000000e+00 8.137298085415453075e-01 1.000000000000000000e+00
8.917749195875319668e-01 1.194670368472416921e-01 8.162148875820999239e-01 1.000000000000000000e+00
9.009282780730500928e-01 1.138636056818927988e-01 8.094480684983192953e-01 1.000000000000000000e+00
9.100671957261435852e-01 1.081503445796891394e-01 8.040469460171622007e-01 1.000000000000000000e+00
9.191919696826102992e-01 1.023281213317185218e-01 8.000442211722305075e-01 1.000000000000000000e+00
9.283028882831371176e-01 9.639778821176929469e-02 7.974720449048057214e-01 1.000000000000000000e+00
9.374002314236907774e-01 9.036018245802086846e-02 7.963620294333118022e-01 1.000000000000000000e+00
9.464842708881466837e-01 8.421612673379154368e-02 7.967452592253995158e-01 1.000000000000000000e+00
9.555552706642472804e-01 7.796642956850514949e-02 7.986523015917607049e-01 1.000000000000000000e+00
9.646134872439104946e-01 7.161188577995340754e-02 8.021132169196290018e-01 1.000000000000000000e+00
9.736591699088170682e-01 6.515327687887131902e-02 8.071575685628481489e-01 1.000000000000000000e+00
9.826925610021653990e-01 5.859137145676414360e-02 8.138144324043954381e-01 1.000000000000000000e+00
9.917139564769419380e-01 5.192632266241625077e-02 8.221209551639189206e-01 1.000000000000000000e+00
1.000000000000000000e+00 4.515896790177562070e-02 8.321045561144760905e-01 1.000000000000000000e+00
1.000000000000000000e+00 3.829046796752607479e-02 8.437870642185230086e-01 1.000000000000000000e+00
1.000000000000000000e+00 3.132154442014698642e-02 8.571957656873395726e-01 1.000000000000000000e+00
1.000000000000000000e+00 2.425290759235495044e-02 8.723575015096273200e-01 1.000000000000000000e+00
1.000000000000000000e+00 1.708525689405280407e-02 8.892986753668915556e-01 1.000000000000000000e+00
1.000000000000000000e+00 9.818825507312238868e-03 9.080526647813081942e-01 1.000000000000000000e+00
1.000000000000000000e+00 2.453623074505112411e-03 9.286566222756587052e-01 1.000000000000000000e+00
1.000000000000000000e+00 0.000000000000000000e+00 9.511190822461007555e-01 1.000000000000000000e+00
1.000000000000000000e+00 0.000000000000000000e+00 9.754648379394074142e-01 1.000000000000000000e+00
1.000000000000000000e+00 0.000000000000000000e+00 0.000000000000000000e+00 1.000000000000000000e+00
1.000000000000000000e+00 0.000000000000000000e+00 0.000000000000000000e+00 1.000000000000000000e+00
1.000000000000000000e+00 0.000000000000000000e+00 0.000000000000000000e+00 1.000000000000000000e+00
1.000000000000000000e+00 0.000000000000000000e+00 0.000000000000000000e+00 1.000000000000000000e+00
1.000000000000000000e+00 0.000000000000000000e+00 0.000000000000000000e+00 1.000000000000000000e+00
1.000000000000000000e+00 0.000000000000000000e+00 0.000000000000000000e+00 1.000000000000000000e+00
1.000000000000000000e+00 1.151601605120364767e-02 0.000000000000000000e+00 1.000000000000000000e+00
1.000000000000000000e+00 7.221678751238816418e-02 0.000000000000000000e+00 1.000000000000000000e+00
1.000000000000000000e+00 1.327854516865832613e-01 0.000000000000000000e+00 1.000000000000000000e+00
1.000000000000000000e+00 1.932153991489290734e-01 0.000000000000000000e+00 1.000000000000000000e+00
1.000000000000000000e+00 2.535003363442540625e-01 0.000000000000000000e+00 1.000000000000000000e+00
1.000000000000000000e+00 3.136341204841300856e-01 0.000000000000000000e+00 1.000000000000000000e+00
1.000000000000000000e+00 3.736099500979647714e-01 0.000000000000000000e+00 1.000000000000000000e+00
1.000000000000000000e+00 4.334220337690041225e-01 0.000000000000000000e+00 1.000000000000000000e+00
1.000000000000000000e+00 4.930645808923502793e-01 0.000000000000000000e+00 1.000000000000000000e+00
1.000000000000000000e+00 5.525304428962055647e-01 0.000000000000000000e+00 1.000000000000000000e+00
1.000000000000000000e+00 6.118144825454220337e-01 0.000000000000000000e+00 1.000000000000000000e+00
1.000000000000000000e+00 6.709111497645388056e-01 0.000000000000000000e+00 1.000000000000000000e+00
1.000000000000000000e+00 7.298126413196628359e-01 0.000000000000000000e+00 1.000000000000000000e+00
1.000000000000000000e+00 7.885151377043134735e-01 0.000000000000000000e+00 1.000000000000000000e+00
1.000000000000000000e+00 8.470120533018151709e-01 0.000000000000000000e+00 1.000000000000000000e+00
1.000000000000000000e+00 9.052969090324410883e-01 0.000000000000000000e+00 1.000000000000000000e+00
1.000000000000000000e+00 9.633659265969416463e-01 0.000000000000000000e+00 1.000000000000000000e+00
9.787893754173949690e-01 9.731839122445647972e-01 0.000000000000000000e+00 1.000000000000000000e+00
9.211721536715229419e-01 9.732113348752350346e-01 0.000000000000000000e+00 1.000000000000000000e+00
8.637889803861620308e-01 9.732398482814751395e-01 0.000000000000000000e+00 1.000000000000000000e+00
8.066460099509925596e-01 9.732694530012264700e-01 0.000000000000000000e+00 1.000000000000000000e+00
7.497465638143072653e-01 9.733001270066168331e-01 0.000000000000000000e+00 1.000000000000000000e+00
6.930999690229001642e-01 9.733318970125911518e-01 0.000000000000000000e+00 1.000000000000000000e+00
6.367070390422658877e-01 9.733647235906389694e-01 0.000000000000000000e+00 1.000000000000000000e+00
5.805778085613813033e-01 9.733986372088208050e-01 0.000000000000000000e+00 1.000000000000000000e+00
5.247135501589059725e-01 9.734336051829212133e-01 0.000000000000000000e+00 1.000000000000000000e+00
4.691227935572717112e-01 9.734696459259775114e-01 0.000000000000000000e+00 1.000000000000000000e+00
4.138085642952289422e-01 9.735067410762562323e-01 0.000000000000000000e+00 1.000000000000000000e+00
3.587777117463869514e-01 9.735448974870871686e-01 0.000000000000000000e+00 1.000000000000000000e+00
3.040346036878442404e-01 9.735841065795113325e-01 0.000000000000000000e+00 1.000000000000000000e+00
2.495849081409334258e-01 9.736243681573036879e-01 0.000000000000000000e+00 1.000000000000000000e+00
1.954337652843015360e-01 9.736656789207219775e-01 0.000000000000000000e+00 1.000000000000000000e+00
1.415863187584280314e-01 9.737080361036198894e-01 0.000000000000000000e+00 1.000000000000000000e+00
8.804775401341921603e-02 9.737514372089954851e-01 0.000000000000000000e+00 1.000000000000000000e+00
3.482350363848044084e-02 9.737958813589278062e-01 0.000000000000000000e+00 1.000000000000000000e+00
0.000000000000000000e+00 9.738413624006623248e-01 0.000000000000000000e+00 1.000000000000000000e+00
0.000000000000000000e+00 9.738878857902545372e-01 0.000000000000000000e+00 1.000000000000000000e+00
0.000000000000000000e+00 9.739354372695125939e-01 0.000000000000000000e+00 1.000000000000000000e+00
0.000000000000000000e+00 9.739840330710225480e-01 0.000000000000000000e+00 1.000000000000000000e+00
0.000000000000000000e+00 9.740336463809766698e-01 0.000000000000000000e+00 1.000000000000000000e+00
0.000000000000000000e+00 9.740843086572021914e-01 0.000000000000000000e+00 1.000000000000000000e+00
0.000000000000000000e+00 1.000000000000000000e+00 0.000000000000000000e+00 1.000000000000000000e+00
0.000000000000000000e+00 1.000000000000000000e+00 0.000000000000000000e+00 1.000000000000000000e+00
0.000000000000000000e+00 1.000000000000000000e+00 0.000000000000000000e+00 1.000000000000000000e+00
0.000000000000000000e+00 1.000000000000000000e+00 0.000000000000000000e+00 1.000000000000000000e+00
0.000000000000000000e+00 1.000000000000000000e+00 0.000000000000000000e+00 1.000000000000000000e+00
0.000000000000000000e+00 1.000000000000000000e+00 1.849269496223685319e-02 1.000000000000000000e+00
0.000000000000000000e+00 1.000000000000000000e+00 7.295244728589997396e-02 1.000000000000000000e+00
0.000000000000000000e+00 1.000000000000000000e+00 1.271322157348089010e-01 1.000000000000000000e+00
0.000000000000000000e+00 1.000000000000000000e+00 1.810218027773341509e-01 1.000000000000000000e+00
0.000000000000000000e+00 1.000000000000000000e+00 2.346193186708249168e-01 1.000000000000000000e+00
0.000000000000000000e+00 1.000000000000000000e+00 2.879203491432654749e-01 1.000000000000000000e+00
0.000000000000000000e+00 1.000000000000000000e+00 3.409151705335839999e-01 1.000000000000000000e+00
0.000000000000000000e+00 1.000000000000000000e+00 3.936048195339308942e-01 1.000000000000000000e+00
0.000000000000000000e+00 1.000000000000000000e+00 4.459799338669069302e-01 1.000000000000000000e+00
0.000000000000000000e+00 1.000000000000000000e+00 4.980364217690616546e-01 1.000000000000000000e+00
0.000000000000000000e+00 1.000000000000000000e+00 5.497727270413771405e-01 1.000000000000000000e+00
0.000000000000000000e+00 1.000000000000000000e+00 6.011770133458309573e-01 1.000000000000000000e+00
0.000000000000000000e+00 1.000000000000000000e+00 6.522497694777793509e-01 1.000000000000000000e+00
0.000000000000000000e+00 1.000000000000000000e+00 7.029871811003115534e-01 1.000000000000000000e+00
0.000000000000000000e+00 1.000000000000000000e+00 7.533761323738344950e-01 1.000000000000000000e+00
0.000000000000000000e+00 1.000000000000000000e+00 8.034197818934130098e-01 1.000000000000000000e+00
0.000000000000000000e+00 1.000000000000000000e+00 8.531125494349631744e-01 1.000000000000000000e+00
0.000000000000000000e+00 1.000000000000000000e+00 9.024420329001350272e-01 1.000000000000000000e+00
0.000000000000000000e+00 1.000000000000000000e+00 9.514111441484076614e-01 1.000000000000000000e+00
0.000000000000000000e+00 9.999851066135732047e-01 9.756833495033265802e-01 1.000000000000000000e+00
0.000000000000000000e+00 9.517605875931631765e-01 9.757606401489913317e-01 1.000000000000000000e+00
0.000000000000000000e+00 9.039115858537332127e-01 9.758389531393968364e-01 1.000000000000000000e+00
0.000000000000000000e+00 8.564430988919545795e-01 9.759182905608592140e-01 1.000000000000000000e+00
0.000000000000000000e+00 8.093673246422509182e-01 9.759986796983254331e-01 1.000000000000000000e+00
0.000000000000000000e+00 7.626842291340395485e-01 9.760801044130397175e-01 1.000000000000000000e+00
0.000000000000000000e+00 7.163969430954031381e-01 9.761625604010583102e-01 1.000000000000000000e+00
0.000000000000000000e+00 6.705143241491586803e-01 9.762460629143190349e-01 1.000000000000000000e+00
0.000000000000000000e+00 6.250432468304186751e-01 9.763306200879858787e-01 1.000000000000000000e+00
0.000000000000000000e+00 5.799834183346100902e-01 9.764162165678503813e-01 1.000000000000000000e+00
0.000000000000000000e+00 5.353399609779319057e-01 9.765028553579299109e-01 1.000000000000000000e+00
0.000000000000000000e+00 4.911260129969449162e-01 9.765905648351818069e-01 1.000000000000000000e+00
0.000000000000000000e+00 4.473403412312312866e-01 9.766793274093088506e-01 1.000000000000000000e+00
0.000000000000000000e+00 4.039867291105811442e-01 9.767691420060906626e-01 1.000000000000000000e+00
0.000000000000000000e+00 3.610711013392427504e-01 9.768600143420408388e-01 1.000000000000000000e+00
0.000000000000000000e+00 3.186068301013320614e-01 9.769519724794170079e-01 1.000000000000000000e+00
0.000000000000000000e+00 2.765905320770623010e-01 9.770449936967564586e-01 1.000000000000000000e+00
0.000000000000000000e+00 2.350275167403533538e-01 9.771390820383478726e-01 1.000000000000000000e+00
0.000000000000000000e+00 1.939236150474630549e-01 9.772342431242363459e-01 1.000000000000000000e+00
0.000000000000000000e+00 1.532927921587221021e-01 9.773305059437582543e-01 1.000000000000000000e+00
0.000000000000000000e+00 1.131315310296789889e-01 9.774278488680130383e-01 1.000000000000000000e+00
0.000000000000000000e+00 7.344528095100760767e-02 9.775262766074115373e-01 1.000000000000000000e+00
0.000000000000000000e+00 3.423953095581022676e-02 9.776257940472670160e-01 1.000000000000000000e+00
0.000000000000000000e+00 0.000000000000000000e+00 9.777264254665176679e-01 1.000000000000000000e+00
0.000000000000000000e+00 0.000000000000000000e+00 9.778281638413875987e-01 1.000000000000000000e+00
0.000000000000000000e+00 0.000000000000000000e+00 9.779310075565532667e-01 1.000000000000000000e+00
0.000000000000000000e+00 0.000000000000000000e+00 9.780349622480608573e-01 1.000000000000000000e+00
0.000000000000000000e+00 0.000000000000000000e+00 9.781400349989085585e-01 1.000000000000000000e+00
1.515075140578734693e-02 0.000000000000000000e+00 9.782462542782991433e-01 1.000000000000000000e+00
6.155061147004138589e-02 0.000000000000000000e+00 9.783536025510948253e-01 1.000000000000000000e+00
1.075377352665806696e-01 0.000000000000000000e+00 9.784620862870698765e-01 1.000000000000000000e+00
1.531068647224235468e-01 0.000000000000000000e+00 9.785717121778847449e-01 1.000000000000000000e+00
1.982527045640448404e-01 0.000000000000000000e+00 9.786824871435956252e-01 1.000000000000000000e+00
2.429636016250422137e-01 0.000000000000000000e+00 9.787944397785163231e-01 1.000000000000000000e+00
2.872397956630239890e-01 0.000000000000000000e+00 9.789075580186882286e-01 1.000000000000000000e+00
3.310764777047916496e-01 0.000000000000000000e+00 9.790218474424261519e-01 1.000000000000000000e+00
3.744681882332488443e-01 0.000000000000000000e+00 9.791373159608900423e-01 1.000000000000000000e+00
4.174094210108839631e-01 0.000000000000000000e+00 9.792539717513653041e-01 1.000000000000000000e+00
4.598934423395495963e-01 0.000000000000000000e+00 9.793718270861182518e-01 1.000000000000000000e+00
5.019101880422681683e-01 0.000000000000000000e+00 9.794909049502236176e-01 1.000000000000000000e+00
5.434595613794009905e-01 0.000000000000000000e+00 9.796111962130190642e-01 1.000000000000000000e+00
5.845358500472856988e-01 0.000000000000000000e+00 9.797327102131461185e-01 1.000000000000000000e+00
6.251332835436965718e-01 0.000000000000000000e+00 9.798554566035183599e-01 1.000000000000000000e+00
6.652460305919921657e-01 0.000000000000000000e+00 9.799794453624645074e-01 1.000000000000000000e+00
7.048681964548739742e-01 5.234340272858752606e-03 9.801046868054572592e-01 1.000000000000000000e+00
7.439899347112145511e-01 1.156017805132132474e-02 9.802312035610264429e-01 1.000000000000000000e+00
7.826064333860867084e-01 1.795013566801030233e-02 9.803590027133601836e-01 1.000000000000000000e+00
8.207142116265443432e-01 2.440437786365643597e-02 9.804880875572731247e-01 1.000000000000000000e+00
8.583070942886832366e-01 3.092349461865387741e-02 9.806184698923730014e-01 1.000000000000000000e+00
8.953788273826817079e-01 3.750809621922819581e-02 9.807501619243845781e-01 1.000000000000000000e+00
9.319230745610466160e-01 4.415881406447306340e-02 9.808831762812894040e-01 1.000000000000000000e+00
9.679334134364112607e-01 5.087630151914891707e-02 9.810175260303829470e-01 1.000000000000000000e+00
1.000000000000000000e+00 1.907894105237772364e-01 9.827398207629698401e-01 1.000000000000000000e+00
1.000000000000000000e+00 1.953324368372689745e-01 9.697380684708063470e-01 1.000000000000000000e+00
1.000000000000000000e+00 1.955127291411896395e-01 9.578291578792483829e-01 1.000000000000000000e+00
1.000000000000000000e+00 1.958458524986489147e-01 9.471839111907897069e-01 1.000000000000000000e+00
1.000000000000000000e+00 1.963336227775908105e-01 9.377770593541154831e-01 1.000000000000000000e+00
1.000000000000000000e+00 1.969778986900043993e-01 9.295829991572023276e-01 1.000000000000000000e+00
1.000000000000000000e+00 1.977805837591435634e-01 9.225757868056062572e-01 1.000000000000000000e+00
1.000000000000000000e+00 1.987436284041833034e-01 9.167291311260015174e-01 1.000000000000000000e+00
1.000000000000000000e+00 1.998690321512873458e-01 9.120163863708427021e-01 1.000000000000000000e+00
1.000000000000000000e+00 2.011588459808981433e-01 9.084105445979476778e-01 1.000000000000000000e+00
1.000000000000000000e+00 2.026151748219783832e-01 9.058842275965309776e-01 1.000000000000000000e+00
1.000000000000000000e+00 2.042407208033090726e-01 9.044128808285432086e-01 1.000000000000000000e+00
1.000000000000000000e+00 2.060380635290896545e-01 9.039700200331198809e-01 1.000000000000000000e+00
1.000000000000000000e+00 2.080085742936645388e-01 9.045215008800859824e-01 1.000000000000000000e+00
1.000000000000000000e+00 2.101546015385266919e-01 9.060383866548732401e-01 1.000000000000000000e+00
1.000000000000000000e+00 2.124785627710634173e-01 9.084913224846811186e-01 1.000000000000000000e+00
1.000000000000000000e+00 2.149829482311073903e-01 9.118505237929390717e-01 1.000000000000000000e+00
1.000000000000000000e+00 2.176703248158638748e-01 9.160857640141494285e-01 1.000000000000000000e+00
1.000000000000000000e+00 2.205433402864212522e-01 9.211663615110327052e-01 1.000000000000000000e+00
1.000000000000000000e+00 2.236047277815843837e-01 9.270611656300264958e-01 1.000000000000000000e+00
1.000000000000000000e+00 2.268573106676380902e-01 9.337385418246145763e-01 1.000000000000000000e+00
1.000000000000000000e+00 2.303040077558746457e-01 9.411663557685597814e-01 1.000000000000000000e+00
1.000000000000000000e+00 2.339478389234142530e-01 9.493119563727926424e-01 1.000000000000000000e+00
1.000000000000000000e+00 2.377919311770090027e-01 9.581421576102936433e-01 1.000000000000000000e+00
1.000000000000000000e+00 2.418395252042794819e-01 9.676232190426602431e-01 1.000000000000000000e+00
1.000000000000000000e+00 2.460939824622830341e-01 9.777208249299758069e-01 1.000000000000000000e+00
1.000000000000000000e+00 2.505587928595195413e-01 9.884000617918721199e-01 1.000000000000000000e+00
1.000000000000000000e+00 2.655597926660496766e-01 1.000000000000000000e+00 1.000000000000000000e+00
1.000000000000000000e+00 5.056226790184796815e-01 1.000000000000000000e+00 1.000000000000000000e+00
1.000000000000000000e+00 7.520909437760036065e-01 1.000000000000000000e+00 1.000000000000000000e+00
1.000000000000000000e+00 9.983255148248793009e-01 1.000000000000000000e+00 1.000000000000000000e+00
9.899999999999999911e-01 9.899999999999999911e-01 9.899999999999999911e-01 1.000000000000000000e+00
